000000000 0 9 9 0 1 2 3 4 5 6 7 8 
000000001 0 8 1 4 
000000010 0 8 4 1 4 6 8 
000000012 2 5 3 2 4 5 
000000021 0 7 4 0 2 4 5 
000000100 0 8 1 4 
000000102 2 5 3 0 2 5 
000000112 2 5 2 2 5 
000000120 0 7 4 0 2 3 4 
000000121 0 6 1 4 
000000201 2 5 3 0 2 3 
000000210 2 5 3 0 3 4 
000000211 2 5 2 0 3 
000001000 0 8 4 2 3 4 8 
000001002 2 5 3 4 6 7 
000001012 0 6 3 1 3 4 
000001020 2 5 2 4 8 
000001021 1 4 1 2 
000001102 0 6 2 3 4 
000001120 0 6 1 4 
000001122 2 3 1 4 
000001200 2 5 3 0 4 8 
000001201 1 4 1 2 
000001210 2 5 1 0 
000001212 2 3 2 0 4 
000001221 1 4 1 2 
000002001 0 7 4 0 4 6 7 
000002010 2 5 2 4 8 
000002011 1 4 1 6 
000002100 2 5 1 8 
000002101 1 4 1 7 
000002110 2 5 1 8 
000002112 2 1 1 2 
000002121 2 3 1 4 
000002211 2 3 2 3 4 
000010000 0 8 4 0 2 6 8 
000010002 0 7 7 0 1 2 3 5 6 7 
000010012 0 6 1 1 
000010020 0 7 6 0 2 3 5 6 8 
000010021 1 4 1 0 
000010102 0 6 1 2 
000010120 1 4 1 2 
000010122 0 5 1 2 
000010200 0 7 7 0 1 2 3 5 7 8 
000010201 0 6 1 0 
000010210 0 6 1 1 
000010212 0 5 1 1 
000010221 0 5 1 0 
000011002 0 6 1 3 
000011020 1 4 1 3 
000011022 2 1 1 6 
000011122 1 2 4 0 1 2 3 
000011200 0 6 1 3 
000011202 2 1 1 7 
000011212 1 2 4 0 1 2 3 
000011220 2 1 1 8 
000011221 1 2 4 0 1 2 3 
000012000 0 7 6 0 1 2 6 7 8 
000012001 1 4 1 0 
000012010 1 4 1 1 
000012012 2 1 1 2 
000012021 0 5 1 0 
000012100 1 4 1 2 
000012102 2 1 1 2 
000012112 2 1 1 2 
000012120 0 5 1 2 
000012121 1 2 4 0 1 2 3 
000012201 0 5 1 0 
000012210 0 5 1 1 
000012211 1 2 4 0 1 2 3 
000020001 0 7 7 0 1 2 3 5 6 7 
000020010 2 5 6 0 2 3 5 6 8 
000020011 0 6 1 6 
000020100 0 7 7 0 1 2 3 5 7 8 
000020101 0 6 1 7 
000020110 0 6 1 8 
000020112 2 1 1 0 
000020121 2 1 1 1 
000020211 2 1 1 2 
000021000 2 5 6 0 1 2 6 7 8 
000021001 0 6 1 2 
000021010 0 6 3 2 6 8 
000021012 2 1 1 0 
000021021 2 1 1 1 
000021100 0 6 4 1 2 7 8 
000021102 2 1 1 0 
000021112 2 1 1 0 
000021120 2 1 1 1 
000021121 2 1 1 1 
000021201 2 1 1 2 
000021210 2 1 1 2 
000021211 2 1 1 2 
000022011 2 1 1 3 
000022101 2 1 1 3 
000022110 2 1 1 3 
000100000 0 8 4 0 4 5 6 
000100002 2 5 3 2 4 6 
000100012 2 5 1 2 
000100020 2 5 2 4 6 
000100021 0 6 1 4 
000100102 1 4 1 0 
000100120 1 4 1 0 
000100122 1 4 1 0 
000100200 2 5 3 4 7 8 
000100201 0 6 2 4 5 
000100210 0 6 3 1 4 5 
000100212 2 3 2 2 4 
000100221 2 3 1 4 
000101002 2 5 1 4 
000101020 2 5 1 4 
000101022 2 1 1 6 
000101122 1 2 4 0 1 2 4 
000101200 2 5 1 4 
000101202 2 1 1 7 
000101212 2 3 1 4 
000101220 2 1 1 8 
000101221 1 2 4 0 1 2 4 
000102000 0 7 7 0 1 2 4 6 7 8 
000102001 0 6 2 0 6 
000102010 0 6 2 0 6 
000102012 2 1 1 2 
000102021 0 5 4 0 1 4 6 
000102100 0 6 1 0 
000102102 2 1 1 2 
000102112 2 1 1 2 
000102120 2 5 1 0 
000102121 0 4 1 0 
000102201 0 5 5 0 1 2 4 7 
000102210 2 3 1 2 
000102211 0 4 3 0 1 4 
000110002 0 6 1 5 
000110020 1 4 1 5 
000110022 2 1 1 6 
000110122 1 2 4 0 1 2 5 
000110200 0 6 1 5 
000110202 2 1 1 7 
000110212 1 2 4 0 1 2 5 
000110220 2 1 1 8 
000110221 1 2 4 0 1 2 5 
000112000 0 6 4 0 2 6 8 
000112002 2 1 1 2 
000112012 2 1 1 2 
000112020 2 3 1 8 
000112021 0 4 1 0 
000112102 2 1 1 2 
000112120 1 2 4 0 1 2 8 
000112122 2 1 1 2 
000112200 2 3 1 8 
000112201 0 4 1 0 
000112210 0 4 1 1 
000112212 2 1 1 2 
000112221 0 3 1 0 
000120000 2 5 6 0 1 2 6 7 8 
000120001 0 6 4 0 1 6 7 
000120010 0 6 3 0 6 8 
000120012 2 1 1 0 
000120021 2 1 1 1 
000120100 0 6 1 0 
000120102 2 1 1 0 
000120112 2 1 1 0 
000120120 2 1 1 1 
000120121 2 1 1 1 
000120201 2 1 1 2 
000120210 2 1 1 2 
000120211 2 1 1 2 
000121000 2 5 6 0 1 2 6 7 8 
000121002 2 1 1 0 
000121012 2 1 1 0 
000121020 2 1 1 1 
000121021 2 1 1 1 
000121102 2 1 1 0 
000121120 2 1 1 1 
000121122 2 1 2 0 1 
000121200 2 1 1 2 
000121201 2 1 1 2 
000121210 2 1 1 2 
000121212 2 1 2 0 2 
000121221 2 1 2 1 2 
000122001 0 5 4 0 1 6 7 
000122010 2 3 2 2 8 
000122011 0 4 1 6 
000122100 0 5 1 0 
000122101 1 2 4 0 1 2 7 
000122110 1 2 4 0 1 2 8 
000122112 2 1 2 0 2 
000122121 2 1 1 1 
000122211 2 1 1 2 
000200001 2 5 1 6 
000200010 2 5 2 4 6 
000200011 2 5 1 6 
000200100 0 7 4 2 4 7 8 
000200101 1 4 1 7 
000200110 1 4 1 8 
000200112 2 3 2 4 5 
000200121 2 3 1 4 
000200211 2 1 1 0 
000201000 0 7 7 0 1 2 4 6 7 8 
000201001 0 6 1 2 
000201010 0 6 2 2 8 
000201012 2 3 1 0 
000201021 2 5 1 2 
000201100 0 6 2 2 8 
000201102 0 5 5 0 1 2 4 7 
000201112 0 4 3 1 2 4 
000201120 0 5 4 1 2 4 8 
000201121 0 4 1 2 
000201201 2 1 1 0 
000201210 2 1 1 0 
000201211 2 1 1 0 
000202011 2 1 1 4 
000202101 2 1 1 4 
000202110 2 1 1 4 
000210000 0 7 6 0 1 2 6 7 8 
000210001 1 4 1 0 
000210010 1 4 1 1 
000210012 0 5 1 1 
000210021 0 5 1 0 
000210100 1 4 1 2 
000210102 0 5 1 2 
000210112 1 2 4 0 1 2 5 
000210120 0 5 1 2 
000210121 1 2 4 0 1 2 5 
000210201 2 1 1 0 
000210210 2 1 1 0 
000210211 2 1 1 0 
000211000 0 6 4 0 2 6 8 
000211002 2 3 1 6 
000211012 0 4 1 1 
000211020 2 3 1 6 
000211021 1 2 4 0 1 2 6 
000211102 0 4 1 2 
000211120 0 4 1 2 
000211122 0 3 1 2 
000211200 2 1 1 0 
000211201 2 1 1 0 
000211210 2 1 1 0 
000211212 2 1 1 0 
000211221 2 1 1 0 
000212001 1 4 1 0 
000212010 1 4 1 1 
000212011 1 2 4 0 1 2 6 
000212100 1 4 1 2 
000212101 1 2 4 0 1 2 7 
000212110 1 2 4 0 1 2 8 
000212112 2 1 1 2 
000212121 1 2 3 0 1 2 
000212211 2 1 1 0 
000220011 2 1 1 5 
000220101 2 1 1 5 
000220110 2 1 1 5 
000221001 0 5 1 2 
000221010 2 3 2 0 6 
000221011 1 2 4 0 1 2 6 
000221100 0 5 4 1 2 7 8 
000221101 1 2 4 0 1 2 7 
000221110 0 4 1 8 
000221112 2 1 1 0 
000221121 2 1 1 1 
000221211 2 1 2 0 2 
001000000 0 8 1 4 
001000002 2 5 3 0 6 7 
001000012 0 6 2 1 4 
001000020 2 5 1 8 
001000021 1 4 1 5 
001000102 1 4 1 4 
001000120 0 6 1 4 
001000122 2 3 1 4 
001000200 2 5 2 0 8 
001000201 1 4 1 5 
001000210 0 6 3 0 1 4 
001000212 2 3 1 0 
001000221 1 4 1 5 
001001002 2 5 2 6 7 
001001020 2 5 1 8 
001001022 2 1 1 6 
001001122 2 3 1 4 
001001200 2 5 1 8 
001001202 2 1 1 7 
001001212 2 3 1 0 
001001220 2 1 1 8 
001002000 0 7 4 0 1 4 6 
001002001 0 6 1 4 
001002010 0 6 1 4 
001002012 2 3 1 4 
001002021 2 3 1 4 
001002100 0 6 1 4 
001002102 2 3 1 4 
001002112 2 3 1 4 
001002120 2 3 1 4 
001002121 2 3 1 4 
001002201 2 3 1 3 
001002210 2 3 1 3 
001002211 2 3 1 3 
001010002 0 6 1 6 
001010020 1 4 1 6 
001010022 2 1 1 6 
001010200 0 6 2 0 8 
001010202 2 1 1 7 
001010212 0 4 1 1 
001010220 2 1 1 8 
001010221 1 2 4 0 1 3 5 
001011022 2 1 1 6 
001011202 2 1 1 7 
001011220 2 1 1 8 
001012000 1 4 1 6 
001012002 0 5 1 6 
001012012 1 2 4 0 1 3 6 
001012020 0 5 1 6 
001012021 1 2 4 0 1 3 6 
001012200 0 5 4 0 1 7 8 
001012201 0 4 1 0 
001012210 0 4 1 1 
001012212 0 3 1 1 
001012221 0 3 1 0 
001020000 0 7 7 0 1 3 5 6 7 8 
001020001 0 6 1 5 
001020010 0 6 4 3 5 6 8 
001020012 2 1 1 0 
001020021 2 1 1 1 
001020100 0 6 4 1 3 5 7 
001020102 2 1 1 0 
001020112 2 1 1 0 
001020120 2 1 1 1 
001020121 2 1 1 1 
001020201 0 5 1 5 
001020210 2 3 2 0 3 
001020211 0 4 1 5 
001021000 0 6 1 8 
001021002 2 1 1 0 
001021012 2 1 1 0 
001021020 2 1 1 1 
001021102 2 1 1 0 
001021120 2 1 1 1 
001021122 2 1 2 0 1 
001021200 2 3 1 8 
001021210 0 4 1 8 
001021212 2 1 1 0 
001022001 2 1 1 3 
001022010 2 1 1 3 
001022011 2 1 1 3 
001022100 2 1 1 3 
001022101 2 1 1 3 
001022110 2 1 1 3 
001022112 2 1 2 0 3 
001022121 2 1 2 1 3 
001022211 2 1 1 3 
001100002 0 6 1 6 
001100020 0 6 1 4 
001100022 2 1 1 6 
001100122 1 2 4 0 1 4 5 
001100200 0 6 3 4 5 8 
001100202 2 1 1 7 
001100212 0 4 2 1 4 
001100220 2 1 1 8 
001100221 1 4 1 5 
001101022 2 1 1 6 
001101202 2 1 1 7 
001101220 2 1 1 8 
001102000 0 6 2 0 6 
001102002 0 5 2 0 6 
001102012 1 4 4 0 1 4 6 
001102020 0 5 4 0 1 4 6 
001102021 0 4 2 0 4 
001102102 1 2 4 0 1 4 7 
001102120 1 2 4 0 1 4 8 
001102122 1 2 3 0 1 4 
001102200 0 5 5 0 1 4 7 8 
001102201 0 4 3 0 1 4 
001102210 0 4 3 0 1 4 
001102212 0 3 3 0 1 4 
001102221 0 3 3 0 1 4 
001110022 2 1 1 6 
001110202 2 1 1 7 
001110220 2 1 1 8 
001112002 0 4 1 6 
001112020 0 4 1 6 
001112022 2 1 1 6 
001112200 0 4 4 0 1 7 8 
001112202 2 1 1 7 
001112212 0 2 1 1 
001112220 2 1 1 8 
001112221 0 2 1 0 
001120000 0 6 4 0 1 6 7 
001120002 2 1 1 0 
001120012 2 1 1 0 
001120020 2 1 1 1 
001120021 2 1 1 1 
001120102 2 1 1 0 
001120120 2 1 1 1 
001120122 2 1 2 0 1 
001120200 2 3 2 7 8 
001120201 0 4 1 5 
001120210 0 4 4 0 1 5 8 
001120212 2 1 1 0 
001120221 2 1 1 1 
001121002 2 1 1 0 
001121020 2 1 1 1 
001121022 2 1 3 0 1 6 
001121122 2 1 2 0 1 
001121200 2 3 1 8 
001121202 2 1 2 0 7 
001121212 2 1 1 0 
001121220 2 1 2 1 8 
001122000 0 5 4 0 1 6 7 
001122001 0 4 4 0 1 6 7 
001122010 0 4 2 0 6 
001122012 2 1 1 0 
001122021 2 1 1 1 
001122100 0 4 1 0 
001122102 2 1 1 0 
001122112 2 1 1 0 
001122120 2 1 1 1 
001122121 2 1 1 1 
001122201 0 3 3 0 1 7 
001122210 0 3 3 0 1 8 
001122211 0 2 2 0 1 
001200000 2 5 1 0 
001200001 1 4 1 5 
001200010 0 6 1 4 
001200012 2 3 2 0 4 
001200021 1 4 1 5 
001200100 0 6 1 4 
001200102 2 3 1 4 
001200112 2 3 1 4 
001200120 2 3 1 4 
001200121 1 2 4 0 1 4 5 
001200201 2 1 1 0 
001200210 2 1 1 0 
001200211 2 1 1 0 
001201000 0 6 1 8 
001201002 2 3 2 0 6 
001201012 2 3 1 0 
001201020 2 5 1 8 
001201102 0 4 1 4 
001201120 1 2 4 0 1 4 8 
001201122 2 3 1 4 
001201200 2 1 1 0 
001201210 2 1 1 0 
001201212 2 1 1 0 
001202001 2 1 1 4 
001202010 2 1 1 4 
001202011 2 1 1 4 
001202100 2 1 1 4 
001202101 2 1 1 4 
001202110 2 1 1 4 
001202112 2 1 1 4 
001202121 2 1 1 4 
001202211 2 1 2 0 4 
001210000 1 4 1 6 
001210002 2 3 1 6 
001210012 1 2 4 0 1 5 6 
001210020 2 3 1 6 
001210021 1 2 4 0 1 5 6 
001210200 2 1 1 0 
001210201 2 1 1 0 
001210210 2 1 1 0 
001210212 2 1 1 0 
001210221 2 1 1 0 
001211002 2 3 1 6 
001211020 1 2 4 0 1 6 8 
001211022 2 1 1 6 
001211200 2 1 1 0 
001211202 2 1 2 0 7 
001211212 2 1 1 0 
001211220 2 1 2 0 8 
001212000 1 4 1 6 
001212001 1 2 4 0 1 6 7 
001212010 1 2 4 0 1 6 8 
001212012 1 2 3 0 1 6 
001212021 1 2 3 0 1 6 
001212201 2 1 1 0 
001212210 2 1 1 0 
001212211 2 1 1 0 
001220001 2 1 1 5 
001220010 2 1 1 5 
001220011 2 1 1 5 
001220100 2 1 1 5 
001220101 2 1 1 5 
001220110 2 1 1 5 
001220112 2 1 2 0 5 
001220121 2 1 2 1 5 
001220211 2 1 2 0 5 
001221000 0 5 1 8 
001221010 0 4 1 8 
001221012 2 1 1 0 
001221100 0 4 1 8 
001221102 2 1 1 0 
001221112 2 1 1 0 
001221120 2 1 1 1 
001221210 2 1 1 0 
002000001 2 5 3 0 1 6 
002000010 2 5 3 0 4 8 
002000011 1 4 1 6 
002000100 2 5 2 0 8 
002000101 1 4 1 7 
002000110 2 5 1 8 
002000112 2 1 1 5 
002000121 2 3 1 1 
002000211 2 1 1 4 
002001000 2 5 3 0 1 4 
002001001 2 5 2 0 1 
002001010 2 5 1 0 
002001012 2 3 2 0 4 
002001021 2 3 2 1 4 
002001100 0 6 3 0 3 4 
002001102 2 3 1 0 
002001112 2 3 1 0 
002001120 2 3 1 1 
002001121 2 3 1 1 
002001201 2 1 1 4 
002001210 2 1 1 4 
002001211 2 1 1 4 
002002011 1 4 1 6 
002002101 1 4 1 7 
002002110 2 1 1 8 
002010000 0 7 7 0 1 3 5 6 7 8 
002010001 0 6 1 0 
002010010 0 6 1 1 
002010012 2 1 1 5 
002010021 0 5 1 0 
002010100 0 6 2 0 8 
002010102 2 1 1 5 
002010112 2 1 1 5 
002010120 0 5 4 0 3 5 8 
002010121 0 4 1 0 
002010201 2 3 1 0 
002010210 0 5 1 1 
002010211 1 2 4 0 1 3 5 
002011000 0 6 1 3 
002011002 0 5 1 3 
002011012 1 2 4 0 1 3 6 
002011020 0 5 1 3 
002011021 1 2 4 0 1 3 6 
002011102 0 4 1 3 
002011120 0 4 1 3 
002011122 0 3 1 3 
002011200 0 5 1 3 
002011201 1 2 4 0 1 3 7 
002011210 1 2 4 0 1 3 8 
002011212 1 2 3 0 1 3 
002011221 1 2 3 0 1 3 
002012001 0 5 1 0 
002012010 2 1 1 8 
002012011 1 2 4 0 1 3 6 
002012100 2 1 1 8 
002012101 1 2 4 0 1 3 7 
002012110 2 1 1 8 
002012121 0 3 1 0 
002012211 1 2 3 0 1 3 
002020011 2 1 1 6 
002020101 0 5 1 7 
002020110 2 3 1 8 
002021001 2 1 1 6 
002021010 2 1 1 6 
002021011 2 1 1 6 
002021100 2 3 2 0 1 
002021101 0 4 1 7 
002021110 0 4 1 8 
002021112 2 1 1 0 
002021121 2 1 1 1 
002100000 2 5 3 0 4 8 
002100001 0 6 1 0 
002100010 2 5 2 0 8 
002100012 2 1 1 5 
002100021 2 3 2 1 4 
002100100 2 5 1 0 
002100102 2 1 1 5 
002100112 2 1 1 5 
002100120 2 5 1 0 
002100121 0 4 1 0 
002100201 2 1 1 4 
002100210 2 1 1 4 
002100211 2 1 1 4 
002101000 2 5 1 4 
002101002 2 3 1 4 
002101012 2 3 1 4 
002101020 2 3 1 4 
002101021 2 3 1 4 
002101102 1 2 4 0 1 4 7 
002101120 1 2 4 0 1 4 8 
002101122 1 2 3 0 1 4 
002101200 2 1 1 4 
002101201 2 1 1 4 
002101210 2 1 1 4 
002101212 2 1 1 4 
002101221 2 1 1 4 
002102001 0 5 2 0 6 
002102010 2 1 1 8 
002102011 1 4 1 6 
002102100 2 1 1 8 
002102101 1 2 4 0 1 4 7 
002102110 2 1 1 8 
002102121 0 3 1 0 
002102211 2 1 1 4 
002110000 0 6 1 5 
002110002 2 1 1 5 
002110012 2 1 1 5 
002110020 0 5 1 5 
002110021 1 2 4 0 1 5 6 
002110102 2 1 1 5 
002110120 1 2 4 0 1 5 8 
002110122 2 1 1 5 
002110200 0 5 1 5 
002110201 1 2 4 0 1 5 7 
002110210 1 2 4 0 1 5 8 
002110212 2 1 1 5 
002110221 1 2 3 0 1 5 
002112000 2 1 1 8 
002112001 0 4 1 0 
002112010 2 1 1 8 
002112021 0 3 1 0 
002112100 2 1 1 8 
002112120 2 1 1 8 
002112121 0 2 1 0 
002112201 0 3 1 0 
002112210 2 1 1 8 
002112211 1 2 2 0 1 
002120001 2 1 1 6 
002120010 2 1 1 6 
002120011 2 1 1 6 
002120100 2 3 1 0 
002120101 1 2 4 0 1 5 7 
002120110 1 2 4 0 1 5 8 
002120112 2 1 2 0 5 
002120121 2 1 1 1 
002121000 2 1 1 6 
002121001 2 1 1 6 
002121010 2 1 1 6 
002121012 2 1 2 0 6 
002121021 2 1 2 1 6 
002121100 2 3 1 0 
002121102 2 1 1 0 
002121112 2 1 1 0 
002121120 2 1 1 1 
002121121 2 1 1 1 
002122011 2 1 1 6 
002122101 1 2 3 0 1 7 
002122110 2 1 1 8 
002200011 2 3 1 6 
002200101 0 5 1 7 
002200110 2 5 1 8 
002201001 2 3 2 0 6 
002201010 2 3 2 0 6 
002201011 2 3 1 6 
002201100 0 5 5 0 1 4 7 8 
002201101 0 4 1 7 
002201110 0 4 1 8 
002201112 2 3 1 0 
002201121 2 3 1 1 
002201211 2 1 2 0 4 
002210001 2 3 1 0 
002210010 0 5 1 1 
002210011 1 2 4 0 1 5 6 
002210100 0 5 4 0 1 7 8 
002210101 1 2 4 0 1 5 7 
002210110 1 2 4 0 1 5 8 
002210112 2 1 1 5 
002210121 0 3 1 0 
002210211 2 1 1 0 
002211000 2 3 1 0 
002211001 2 3 1 0 
002211010 0 4 1 1 
002211012 0 3 1 1 
002211021 2 3 1 0 
002211100 0 4 4 0 1 7 8 
002211102 0 3 3 0 1 7 
002211112 0 2 1 1 
002211120 0 3 3 0 1 8 
002211121 0 2 1 0 
002211201 2 1 1 0 
002211210 2 1 1 0 
002211211 2 1 1 0 
002212011 1 2 3 0 1 6 
002212101 1 2 3 0 1 7 
002212110 2 1 1 8 
002221011 2 1 1 6 
002221101 0 3 1 7 
002221110 0 3 1 8 
010000000 0 8 4 0 2 4 7 
010000002 2 5 3 2 4 6 
010000012 2 5 1 4 
010000020 0 7 7 0 2 3 4 5 6 8 
010000021 0 6 2 0 2 
010000102 0 6 1 2 
010000120 0 6 2 0 2 
010000122 0 5 2 0 2 
010000200 2 5 3 0 4 8 
010000201 0 6 1 0 
010000210 2 5 1 4 
010000212 2 3 1 4 
010000221 0 5 2 0 2 
010001002 2 5 1 6 
010001020 0 6 2 0 2 
010001022 2 1 1 6 
010001122 1 4 4 0 2 3 4 
010001200 2 5 2 0 8 
010001202 2 1 1 7 
010001212 2 3 1 4 
010001220 2 1 1 8 
010001221 1 4 1 2 
010002000 2 5 2 2 4 
010002001 0 6 1 4 
010002010 2 5 1 4 
010002012 2 1 1 2 
010002021 0 5 4 0 2 3 4 
010002100 0 6 1 4 
010002102 2 1 1 2 
010002112 2 1 1 2 
010002120 0 5 4 0 2 3 4 
010002121 0 4 2 0 4 
010002201 2 3 2 3 4 
010002210 2 3 1 4 
010002211 2 3 1 4 
010010002 0 6 1 7 
010010020 0 6 4 0 2 6 8 
010010022 2 1 1 6 
010010122 0 4 1 2 
010010200 0 6 1 7 
010010202 2 1 1 7 
010010220 2 1 1 8 
010010221 0 4 1 0 
010011022 2 1 1 6 
010011202 2 1 1 7 
010011220 2 1 1 8 
010012000 1 4 1 7 
010012002 2 1 1 2 
010012020 2 3 1 8 
010012021 0 4 1 0 
010012102 2 1 1 2 
010012120 0 4 1 2 
010012122 2 1 1 2 
010012200 0 5 1 7 
010012201 1 2 4 0 2 3 7 
010012221 0 3 1 0 
010020000 2 5 6 0 2 3 5 6 8 
010020001 0 6 4 0 2 3 5 
010020010 2 5 6 0 2 3 5 6 8 
010020012 2 1 1 0 
010020021 0 5 4 0 2 3 5 
010020100 0 6 4 0 2 3 5 
010020102 2 1 1 0 
010020112 2 1 1 0 
010020120 0 5 4 0 2 3 5 
010020121 0 4 4 0 2 3 5 
010020201 2 1 1 2 
010020210 2 1 1 2 
010020211 2 1 1 2 
010021000 0 6 3 0 2 8 
010021002 2 1 1 0 
010021012 2 1 1 0 
010021020 2 3 2 6 8 
010021021 0 4 1 2 
010021102 2 1 1 0 
010021120 0 4 2 0 2 
010021122 2 1 1 0 
010021200 2 1 1 2 
010021201 2 1 1 2 
010021210 2 1 1 2 
010021212 2 1 2 0 2 
010021221 2 1 1 2 
010022001 2 1 1 3 
010022010 2 1 1 3 
010022011 2 1 1 3 
010022100 2 1 1 3 
010022101 2 1 1 3 
010022110 2 1 1 3 
010022112 2 1 3 0 2 3 
010022121 2 1 1 3 
010022211 2 1 2 2 3 
010100002 2 5 2 2 6 
010100020 0 6 2 0 2 
010100022 2 1 1 6 
010100122 1 4 1 0 
010100200 2 5 1 8 
010100202 2 1 1 7 
010100212 2 3 1 4 
010100220 2 1 1 8 
010100221 1 4 4 0 2 4 5 
010101022 2 1 1 6 
010101202 2 1 1 7 
010101220 2 1 1 8 
010102000 0 6 2 0 6 
010102002 2 1 1 2 
010102012 2 1 1 2 
010102020 2 3 1 8 
010102021 0 4 1 0 
010102102 2 1 1 2 
010102120 0 4 1 0 
010102122 2 1 1 2 
010102200 2 3 2 2 8 
010102201 0 4 2 0 4 
010102210 0 4 1 4 
010102212 2 1 1 2 
010102221 0 3 3 0 2 4 
010110022 2 1 1 6 
010110202 2 1 1 7 
010110220 2 1 1 8 
010112002 2 1 1 2 
010112020 2 3 1 8 
010112022 2 1 2 2 6 
010112122 2 1 1 2 
010112200 0 4 1 7 
010112202 2 1 2 2 7 
010112220 2 1 1 8 
010112221 0 2 1 0 
010120000 0 6 3 0 2 6 
010120002 2 1 1 0 
010120012 2 1 1 0 
010120020 2 3 2 6 8 
010120021 0 4 2 0 2 
010120102 2 1 1 0 
010120120 0 4 1 0 
010120122 2 1 1 0 
010120200 2 1 1 2 
010120201 2 1 1 2 
010120210 2 1 1 2 
010120212 2 1 2 0 2 
010120221 2 1 1 2 
010121002 2 1 1 0 
010121020 2 3 2 6 8 
010121022 2 1 2 0 6 
010121122 2 1 1 0 
010121200 2 1 1 2 
010121202 2 1 3 0 2 7 
010121212 2 1 2 0 2 
010121220 2 1 2 2 8 
010121221 2 1 1 2 
010122000 2 3 2 2 8 
010122001 0 4 2 0 6 
010122010 2 3 2 2 8 
010122012 2 1 2 0 2 
010122021 0 3 3 0 2 6 
010122100 0 4 1 0 
010122102 2 1 2 0 2 
010122112 2 1 2 0 2 
010122120 0 3 1 0 
010122121 0 2 1 0 
010122201 2 1 1 2 
010122210 2 1 1 2 
010122211 2 1 1 2 
010200000 2 5 2 0 4 
010200001 0 6 1 4 
010200010 2 5 1 4 
010200012 2 3 1 4 
010200021 0 5 4 0 2 4 5 
010200100 0 6 1 4 
010200102 2 3 2 4 5 
010200112 2 3 1 4 
010200120 0 5 4 0 2 4 5 
010200121 0 4 2 2 4 
010200201 2 1 1 0 
010200210 2 1 1 0 
010200211 2 1 1 0 
010201000 0 6 2 2 8 
010201002 2 3 2 0 6 
010201012 0 4 1 4 
010201020 2 3 1 6 
010201021 0 4 1 2 
010201102 0 4 2 2 4 
010201120 0 4 1 2 
010201122 0 3 3 0 2 4 
010201200 2 1 1 0 
010201201 2 1 1 0 
010201210 2 1 1 0 
010201212 2 1 1 0 
010201221 2 1 1 0 
010202001 2 1 1 4 
010202010 2 1 1 4 
010202011 2 1 1 4 
010202100 2 1 1 4 
010202101 2 1 1 4 
010202110 2 1 1 4 
010202112 2 1 2 2 4 
010202121 2 1 1 4 
010202211 2 1 2 0 4 
010210000 1 4 1 7 
010210002 0 5 1 7 
010210020 2 3 1 6 
010210021 0 4 1 0 
010210102 1 2 4 0 2 5 7 
010210120 0 4 1 2 
010210122 0 3 1 2 
010210200 2 1 1 0 
010210201 2 1 1 0 
010210221 2 1 1 0 
010211002 0 4 1 7 
010211020 2 3 1 6 
010211022 2 1 1 6 
010211122 0 2 1 2 
010211200 2 1 1 0 
010211202 2 1 2 0 7 
010211220 2 1 2 0 8 
010211221 2 1 1 0 
010212000 1 4 1 7 
010212001 1 2 4 0 2 6 7 
010212021 0 3 1 0 
010212100 1 2 4 0 2 7 8 
010212102 2 1 1 2 
010212120 0 3 1 2 
010212121 1 2 2 0 2 
010212201 2 1 1 0 
010220001 2 1 1 5 
010220010 2 1 1 5 
010220011 2 1 1 5 
010220100 2 1 1 5 
010220101 2 1 1 5 
010220110 2 1 1 5 
010220112 2 1 2 0 5 
010220121 2 1 1 5 
010220211 2 1 3 0 2 5 
010221000 2 3 2 0 6 
010221001 0 4 1 2 
010221010 2 3 2 0 6 
010221012 2 1 1 0 
010221021 0 3 1 2 
010221100 0 4 2 2 8 
010221102 2 1 1 0 
010221112 2 1 1 0 
010221120 0 3 3 0 2 8 
010221121 0 2 1 2 
010221201 2 1 2 0 2 
010221210 2 1 2 0 2 
010221211 2 1 2 0 2 
011000002 1 4 1 0 
011000020 0 6 1 0 
011000022 2 1 1 6 
011000122 1 2 4 0 3 4 5 
011000200 2 5 1 0 
011000202 2 1 1 7 
011000212 1 2 4 0 3 4 5 
011000220 2 1 1 8 
011000221 1 2 4 0 3 4 5 
011001022 2 1 1 6 
011001202 2 1 1 7 
011001220 2 1 1 8 
011002000 1 4 1 0 
011002002 1 4 1 0 
011002012 1 2 4 0 3 4 6 
011002020 2 5 1 0 
011002021 0 4 1 0 
011002102 1 2 4 0 3 4 7 
011002120 1 2 4 0 3 4 8 
011002122 1 2 3 0 3 4 
011002200 2 5 1 0 
011002201 0 4 1 0 
011002210 1 2 4 0 3 4 8 
011002212 1 2 3 0 3 4 
011002221 0 3 1 0 
011010022 2 1 1 6 
011010202 2 1 1 7 
011010220 2 1 1 8 
011012002 1 2 4 0 3 6 7 
011012020 1 2 4 0 3 6 8 
011012022 2 1 1 6 
011012200 1 2 4 0 3 7 8 
011012202 2 1 1 7 
011012220 2 1 1 8 
011012221 0 2 1 0 
011020000 0 6 1 0 
011020002 2 1 1 0 
011020012 2 1 1 0 
011020020 0 5 1 0 
011020021 1 2 4 0 3 5 6 
011020102 2 1 1 0 
011020120 0 4 1 0 
011020122 2 1 1 0 
011020200 2 3 1 0 
011020201 1 2 4 0 3 5 7 
011020210 2 3 1 0 
011020212 2 1 1 0 
011020221 1 2 3 0 3 5 
011021002 2 1 1 0 
011021020 1 2 4 0 3 6 8 
011021022 2 1 2 0 6 
011021122 2 1 1 0 
011021200 1 2 4 0 3 7 8 
011021202 2 1 2 0 7 
011021212 2 1 1 0 
011021220 2 1 1 8 
011022000 2 1 1 3 
011022001 2 1 1 3 
011022010 2 1 1 3 
011022012 2 1 2 0 3 
011022021 2 1 1 3 
011022100 2 1 1 3 
011022102 2 1 2 0 3 
011022112 2 1 2 0 3 
011022120 2 1 1 3 
011022121 2 1 1 3 
011022201 2 1 1 3 
011022210 2 1 1 3 
011022211 2 1 1 3 
011100022 2 1 1 6 
011100202 2 1 1 7 
011100220 2 1 1 8 
011102002 1 4 1 0 
011102020 0 4 1 0 
011102022 2 1 1 6 
011102122 1 2 2 0 4 
011102200 0 4 1 0 
011102202 2 1 1 7 
011102212 1 2 2 0 4 
011102220 2 1 1 8 
011102221 0 2 1 0 
011112022 2 1 1 6 
011112202 2 1 1 7 
011112220 2 1 1 8 
011120002 2 1 1 0 
011120020 0 4 1 0 
011120022 2 1 2 0 6 
011120122 2 1 1 0 
011120200 0 4 1 0 
011120202 2 1 2 0 7 
011120212 2 1 1 0 
011120220 2 1 1 8 
011120221 1 2 2 0 5 
011121022 2 1 2 0 6 
011121202 2 1 2 0 7 
011121220 2 1 1 8 
011122000 0 4 1 0 
011122002 2 1 1 0 
011122012 2 1 1 0 
011122020 0 3 1 0 
011122021 0 2 1 0 
011122102 2 1 1 0 
011122120 0 2 1 0 
011122122 2 1 1 0 
011122200 0 3 1 0 
011122201 0 2 1 0 
011122210 0 2 1 0 
011122212 2 1 1 0 
011122221 0 1 1 0 
011200000 2 5 1 0 
011200002 2 3 1 0 
011200012 1 2 4 0 4 5 6 
011200020 2 5 1 0 
011200021 1 2 4 0 4 5 6 
011200102 1 2 4 0 4 5 7 
011200120 1 2 4 0 4 5 8 
011200122 1 2 3 0 4 5 
011200200 2 1 1 0 
011200201 2 1 1 0 
011200210 2 1 1 0 
011200212 2 1 1 0 
011200221 2 1 1 0 
011201002 2 3 1 0 
011201020 1 2 4 0 4 6 8 
011201022 2 1 1 6 
011201122 1 2 2 0 4 
011201200 2 1 1 0 
011201202 2 1 2 0 7 
011201212 2 1 1 0 
011201220 2 1 2 0 8 
011202000 2 1 1 4 
011202001 2 1 1 4 
011202010 2 1 1 4 
011202012 2 1 1 4 
011202021 2 1 1 4 
011202100 2 1 1 4 
011202102 2 1 1 4 
011202112 2 1 1 4 
011202120 2 1 1 4 
011202121 2 1 1 4 
011202201 2 1 2 0 4 
011202210 2 1 2 0 4 
011202211 2 1 2 0 4 
011210002 1 2 4 0 5 6 7 
011210020 1 2 4 0 5 6 8 
011210022 2 1 1 6 
011210200 2 1 1 0 
011210202 2 1 2 0 7 
011210220 2 1 2 0 8 
011210221 2 1 1 0 
011211022 2 1 1 6 
011211202 2 1 2 0 7 
011211220 2 1 2 0 8 
011212000 1 2 4 0 6 7 8 
011212002 1 2 3 0 6 7 
011212020 1 2 3 0 6 8 
011212021 1 2 2 0 6 
011212200 2 1 1 0 
011212201 2 1 1 0 
011212221 2 1 1 0 
011220000 2 1 1 5 
011220001 2 1 1 5 
011220010 2 1 1 5 
011220012 2 1 2 0 5 
011220021 2 1 1 5 
011220100 2 1 1 5 
011220102 2 1 2 0 5 
011220112 2 1 2 0 5 
011220120 2 1 1 5 
011220121 2 1 1 5 
011220201 2 1 2 0 5 
011220210 2 1 2 0 5 
011220211 2 1 2 0 5 
011221000 1 2 4 0 6 7 8 
011221002 2 1 1 0 
011221012 2 1 1 0 
011221020 1 2 3 0 6 8 
011221102 2 1 1 0 
011221120 1 2 2 0 8 
011221122 2 1 1 0 
011221200 2 1 1 0 
011221210 2 1 1 0 
011221212 2 1 1 0 
012000000 2 5 3 4 5 8 
012000001 0 6 2 4 7 
012000010 2 5 1 4 
012000012 2 1 1 5 
012000021 0 5 5 0 3 4 5 6 
012000100 0 6 3 4 7 8 
012000102 2 1 1 5 
012000112 2 1 1 5 
012000120 0 5 5 0 3 4 5 8 
012000121 0 4 3 0 3 4 
012000201 2 1 1 4 
012000210 2 1 1 4 
012000211 2 1 1 4 
012001000 0 6 3 3 4 7 
012001002 2 3 2 4 6 
012001012 2 3 1 4 
012001020 2 3 1 6 
012001021 0 4 3 0 3 4 
012001102 0 4 2 3 4 
012001120 0 4 3 0 3 4 
012001122 0 3 3 0 3 4 
012001200 2 1 1 4 
012001201 2 1 1 4 
012001210 2 1 1 4 
012001212 2 1 1 4 
012001221 2 1 1 4 
012002001 2 3 1 4 
012002010 2 1 1 8 
012002011 1 2 4 0 3 4 6 
012002100 2 1 1 8 
012002101 1 4 1 7 
012002110 2 1 1 8 
012002121 0 3 3 0 3 4 
012002211 2 1 1 4 
012010000 0 6 1 7 
012010002 2 1 1 5 
012010020 2 3 1 8 
012010021 0 4 1 0 
012010102 2 1 1 5 
012010120 0 4 4 0 3 5 8 
012010122 2 1 1 5 
012010200 0 5 1 7 
012010201 1 2 4 0 3 5 7 
012010221 0 3 1 0 
012011002 1 2 4 0 3 6 7 
012011020 0 4 1 3 
012011022 2 1 1 6 
012011122 0 2 1 3 
012011200 1 2 4 0 3 7 8 
012011202 2 1 1 7 
012011220 2 1 1 8 
012011221 1 2 2 0 3 
012012000 2 1 1 8 
012012001 1 2 4 0 3 6 7 
012012021 0 3 1 0 
012012100 2 1 1 8 
012012120 2 1 1 8 
012012121 0 2 1 0 
012012201 1 2 3 0 3 7 
012020001 2 1 1 6 
012020010 2 1 1 6 
012020011 2 1 1 6 
012020100 2 3 2 5 8 
012020101 0 4 1 7 
012020110 2 3 1 8 
012020112 2 1 2 0 5 
012020121 0 3 3 0 3 5 
012021000 2 1 1 6 
012021001 2 1 1 6 
012021010 2 1 1 6 
012021012 2 1 2 0 6 
012021021 2 1 1 6 
012021100 0 4 4 0 3 7 8 
012021102 2 1 1 0 
012021112 2 1 1 0 
012021120 0 3 3 0 3 8 
012021121 0 2 2 0 3 
012022011 2 1 2 3 6 
012022101 2 1 1 3 
012022110 2 1 2 3 8 
012100000 2 5 1 8 
012100002 2 1 1 5 
012100012 2 1 1 5 
012100020 2 3 2 6 8 
012100021 0 4 2 0 4 
012100102 2 1 1 5 
012100120 0 4 1 0 
012100122 2 1 1 5 
012100200 2 1 1 4 
012100201 2 1 1 4 
012100210 2 1 1 4 
012100212 2 1 2 4 5 
012100221 2 1 1 4 
012101002 2 3 1 4 
012101020 0 4 1 4 
012101022 2 1 1 6 
012101122 1 2 2 0 4 
012101200 2 1 1 4 
012101202 2 1 2 4 7 
012101212 2 1 1 4 
012101220 2 1 2 4 8 
012101221 2 1 1 4 
012102000 2 1 1 8 
012102001 1 4 4 0 4 6 7 
012102010 2 1 1 8 
012102021 0 3 3 0 4 6 
012102100 2 1 1 8 
012102120 2 1 1 8 
012102121 0 2 1 0 
012102201 2 1 1 4 
012102210 2 1 2 4 8 
012102211 2 1 1 4 
012110002 2 1 1 5 
012110020 0 4 1 5 
012110022 2 1 2 5 6 
012110122 2 1 1 5 
012110200 1 2 4 0 5 7 8 
012110202 2 1 2 5 7 
012110220 2 1 1 8 
012110221 1 2 2 0 5 
012112000 2 1 1 8 
012112020 2 1 1 8 
012112021 0 2 1 0 
012112120 2 1 1 8 
012112200 2 1 1 8 
012112201 1 2 2 0 7 
012112221 0 1 1 0 
012120000 2 1 1 6 
012120001 2 1 1 6 
012120010 2 1 1 6 
012120012 2 1 3 0 5 6 
012120021 2 1 1 6 
012120100 0 4 1 0 
012120102 2 1 2 0 5 
012120112 2 1 2 0 5 
012120120 0 3 1 0 
012120121 0 2 1 0 
012121000 2 1 1 6 
012121002 2 1 2 0 6 
012121012 2 1 2 0 6 
012121020 2 1 1 6 
012121021 2 1 1 6 
012121102 2 1 1 0 
012121120 0 2 1 0 
012121122 2 1 1 0 
012122001 2 1 1 6 
012122010 2 1 2 6 8 
012122011 2 1 1 6 
012122100 2 1 1 8 
012122101 1 2 2 0 7 
012122110 2 1 1 8 
012122121 0 1 1 0 
012200001 2 3 2 4 6 
012200010 2 3 1 4 
012200011 1 2 4 0 4 5 6 
012200100 2 3 1 5 
012200101 0 4 1 7 
012200110 1 2 4 0 4 5 8 
012200112 2 1 1 5 
012200121 0 3 3 0 4 5 
012200211 2 1 2 0 4 
012201000 2 3 1 6 
012201001 2 3 1 6 
012201010 0 4 1 4 
012201012 2 3 1 4 
012201021 2 3 1 6 
012201100 0 4 3 4 7 8 
012201102 0 3 3 0 4 7 
012201112 0 2 1 4 
012201120 0 3 3 0 4 8 
012201121 0 2 2 0 4 
012201201 2 1 2 0 4 
012201210 2 1 2 0 4 
012201211 2 1 2 0 4 
012202011 2 1 1 4 
012202101 2 1 1 4 
012202110 2 1 2 4 8 
012210000 0 5 1 7 
012210001 1 2 4 0 5 6 7 
012210021 0 3 1 0 
012210100 0 4 1 7 
012210102 2 1 1 5 
012210120 0 3 3 0 5 8 
012210121 0 2 1 0 
012210201 2 1 1 0 
012211000 0 4 1 7 
012211002 0 3 1 7 
012211020 2 3 1 6 
012211021 0 2 1 0 
012211102 0 2 1 7 
012211120 0 2 2 0 8 
012211122 0 1 1 0 
012211200 2 1 1 0 
012211201 2 1 1 0 
012211221 2 1 1 0 
012212001 1 2 3 0 6 7 
012212100 2 1 1 8 
012212101 1 2 2 0 7 
012212121 0 1 1 0 
012220011 2 1 2 5 6 
012220101 2 1 1 5 
012220110 2 1 1 5 
012221001 2 1 1 6 
012221010 2 1 1 6 
012221011 2 1 1 6 
012221100 0 3 3 0 7 8 
012221101 0 2 1 7 
012221110 0 2 1 8 
012221112 2 1 1 0 
012221121 0 1 1 0 
020000001 2 5 1 2 
020000010 0 7 7 0 2 3 4 5 6 8 
020000011 0 6 1 6 
020000100 2 5 1 0 
020000101 1 4 1 7 
020000110 0 6 1 8 
020000112 2 3 2 0 2 
020000121 2 1 1 4 
020000211 2 3 2 0 2 
020001000 2 5 2 2 4 
020001001 2 5 1 2 
020001010 0 6 2 6 8 
020001012 2 3 1 0 
020001021 2 1 1 4 
020001100 0 6 1 4 
020001102 2 3 2 0 4 
020001112 2 3 1 0 
020001120 2 1 1 4 
020001121 2 1 1 4 
020001201 2 3 1 2 
020001210 2 3 2 0 2 
020001211 2 3 1 2 
020002011 2 5 1 6 
020002101 1 4 1 7 
020002110 2 5 1 8 
020010000 0 7 6 0 2 3 5 6 8 
020010001 1 4 1 0 
020010010 0 6 4 0 2 6 8 
020010012 2 3 1 2 
020010021 1 4 1 0 
020010100 1 4 1 2 
020010102 2 3 1 2 
020010112 2 3 1 2 
020010120 1 4 1 2 
020010121 1 2 4 0 2 3 5 
020010201 2 3 1 0 
020010210 2 3 1 0 
020010211 2 3 1 0 
020011000 1 4 1 3 
020011002 0 5 1 3 
020011012 0 4 1 3 
020011020 1 4 1 3 
020011021 1 2 4 0 2 3 6 
020011102 1 2 4 0 2 3 7 
020011120 1 2 4 0 2 3 8 
020011122 1 2 3 0 2 3 
020011200 0 5 1 3 
020011201 1 2 4 0 2 3 7 
020011210 0 4 1 3 
020011212 0 3 1 3 
020011221 1 2 3 0 2 3 
020012001 0 5 1 0 
020012010 2 3 1 2 
020012011 1 2 4 0 2 3 6 
020012100 2 3 1 2 
020012101 1 2 4 0 2 3 7 
020012110 1 2 4 0 2 3 8 
020012112 2 1 1 2 
020012121 1 2 3 0 2 3 
020012211 2 3 1 0 
020020011 0 5 1 6 
020020101 2 1 1 7 
020020110 0 5 1 8 
020021001 2 1 1 7 
020021010 2 3 2 0 2 
020021011 1 2 4 0 2 3 6 
020021100 2 1 1 7 
020021101 2 1 1 7 
020021110 0 4 1 8 
020021112 2 1 1 0 
020021211 2 1 1 2 
020100000 2 5 2 0 4 
020100001 0 6 1 4 
020100010 0 6 2 6 8 
020100012 2 3 2 0 2 
020100021 2 1 1 4 
020100100 2 5 1 0 
020100102 2 3 1 0 
020100112 2 3 1 0 
020100120 2 1 1 4 
020100121 2 1 1 4 
020100201 2 3 2 2 4 
020100210 2 3 1 2 
020100211 2 3 1 2 
020101000 2 5 1 4 
020101002 2 3 1 4 
020101012 0 4 1 4 
020101020 2 1 1 4 
020101021 2 1 1 4 
020101102 1 2 4 0 2 4 7 
020101120 2 1 1 4 
020101122 2 1 1 4 
020101200 2 3 1 4 
020101201 1 2 4 0 2 4 7 
020101210 0 4 1 4 
020101212 2 3 1 4 
020101221 2 1 1 4 
020102001 0 5 4 0 4 6 7 
020102010 2 3 1 2 
020102011 0 4 1 6 
020102100 2 5 1 0 
020102101 1 2 4 0 2 4 7 
020102110 1 2 4 0 2 4 8 
020102112 2 1 1 2 
020102121 2 1 1 4 
020102211 2 3 1 2 
020110000 1 4 1 5 
020110002 0 5 1 5 
020110012 0 4 1 5 
020110020 1 4 1 5 
020110021 1 2 4 0 2 5 6 
020110102 1 2 4 0 2 5 7 
020110120 1 2 4 0 2 5 8 
020110122 1 2 3 0 2 5 
020110200 0 5 1 5 
020110201 1 2 4 0 2 5 7 
020110210 0 4 1 5 
020110212 0 3 1 5 
020110221 1 2 3 0 2 5 
020112000 2 3 1 2 
020112001 0 4 1 0 
020112010 2 3 1 2 
020112012 2 1 1 2 
020112021 0 3 1 0 
020112100 1 2 4 0 2 7 8 
020112102 2 1 1 2 
020112112 2 1 1 2 
020112120 1 2 3 0 2 8 
020112121 1 2 2 0 2 
020112201 0 3 1 0 
020112210 2 3 1 2 
020112211 0 2 1 0 
020120001 2 1 1 7 
020120010 2 3 2 0 2 
020120011 0 4 1 6 
020120100 2 1 1 7 
020120101 2 1 1 7 
020120110 1 2 4 0 2 5 8 
020120112 2 1 1 0 
020120211 2 1 1 2 
020121000 2 1 1 7 
020121001 2 1 1 7 
020121010 2 3 2 0 2 
020121012 2 1 1 0 
020121100 2 1 1 7 
020121102 2 1 2 0 7 
020121112 2 1 1 0 
020121201 2 1 2 2 7 
020121210 2 1 1 2 
020121211 2 1 1 2 
020122011 0 3 1 6 
020122101 2 1 1 7 
020122110 1 2 3 0 2 8 
020200011 2 5 1 6 
020200101 1 4 1 7 
020200110 2 5 1 8 
020201001 2 5 1 2 
020201010 2 3 1 0 
020201011 1 2 4 0 2 4 6 
020201100 0 5 4 2 4 7 8 
020201101 1 2 4 0 2 4 7 
020201110 0 4 1 8 
020201112 2 3 1 0 
020201121 2 1 1 4 
020201211 2 1 1 0 
020210001 2 3 1 0 
020210010 2 3 1 0 
020210011 1 2 4 0 2 5 6 
020210100 0 5 1 2 
020210101 1 2 4 0 2 5 7 
020210110 1 2 4 0 2 5 8 
020210112 2 3 1 2 
020210121 1 2 3 0 2 5 
020210211 2 1 1 0 
020211000 2 3 1 0 
020211001 1 2 4 0 2 6 7 
020211010 2 3 1 0 
020211012 2 3 1 0 
020211021 1 2 3 0 2 6 
020211100 0 4 1 2 
020211102 0 3 1 2 
020211112 0 2 1 2 
020211120 0 3 1 2 
020211121 1 2 2 0 2 
020211201 2 1 1 0 
020211210 2 1 1 0 
020211211 2 1 1 0 
020212011 1 2 3 0 2 6 
020212101 1 2 3 0 2 7 
020212110 1 2 3 0 2 8 
020221011 1 2 3 0 2 6 
020221101 2 1 1 7 
020221110 0 3 1 8 
021000000 0 7 4 4 5 6 8 
021000001 1 4 1 5 
021000010 0 6 2 6 8 
021000012 0 5 5 0 3 4 5 6 
021000021 2 1 1 4 
021000100 0 6 1 4 
021000102 2 3 1 4 
021000112 0 4 1 4 
021000120 2 1 1 4 
021000121 2 1 1 4 
021000201 0 5 1 5 
021000210 0 5 5 0 3 4 5 8 
021000211 0 4 1 5 
021001000 1 4 1 8 
021001002 2 3 2 4 7 
021001012 0 4 3 3 4 6 
021001020 2 1 1 4 
021001102 2 3 1 4 
021001120 2 1 1 4 
021001122 2 1 1 4 
021001200 2 5 1 8 
021001210 0 4 1 8 
021001212 2 3 1 0 
021002001 2 3 1 4 
021002010 0 5 4 3 4 6 8 
021002011 0 4 1 6 
021002100 2 3 1 4 
021002101 1 2 4 0 3 4 7 
021002110 1 2 4 0 3 4 8 
021002112 2 3 1 4 
021002121 2 1 1 4 
021002211 2 3 1 3 
021010000 1 4 1 6 
021010002 0 5 1 6 
021010012 0 4 1 6 
021010020 1 4 1 6 
021010021 1 2 4 0 3 5 6 
021010200 0 5 4 0 3 5 8 
021010201 1 2 4 0 3 5 7 
021010210 0 4 4 0 3 5 8 
021010212 0 3 3 0 3 5 
021010221 1 2 3 0 3 5 
021011002 1 2 4 0 3 6 7 
021011020 1 2 4 0 3 6 8 
021011022 2 1 1 6 
021011200 1 2 4 0 3 7 8 
021011202 2 1 1 7 
021011212 0 2 1 3 
021011220 2 1 1 8 
021012000 0 5 1 6 
021012001 1 2 4 0 3 6 7 
021012010 0 4 1 6 
021012012 0 3 1 6 
021012021 1 2 3 0 3 6 
021012201 0 3 1 0 
021012210 0 3 3 0 3 8 
021012211 0 2 1 0 
021020001 2 1 1 7 
021020010 0 5 4 3 5 6 8 
021020011 1 2 4 0 3 5 6 
021020100 2 1 1 7 
021020101 2 1 1 7 
021020110 0 4 1 8 
021020112 2 1 1 0 
021020211 0 3 1 5 
021021000 2 1 1 7 
021021010 0 4 1 8 
021021012 2 1 1 0 
021021100 2 1 1 7 
021021102 2 1 2 0 7 
021021112 2 1 1 0 
021021210 0 3 1 8 
021022011 2 1 1 3 
021022101 2 1 2 3 7 
021022110 2 1 1 3 
021100000 0 6 1 4 
021100002 2 3 2 4 7 
021100012 0 4 2 4 6 
021100020 2 1 1 4 
021100021 2 1 1 4 
021100102 1 2 4 0 4 5 7 
021100120 2 1 1 4 
021100122 2 1 1 4 
021100200 2 3 1 7 
021100201 0 4 1 5 
021100210 0 4 3 4 5 8 
021100212 0 3 3 0 4 5 
021100221 2 1 1 4 
021101002 2 3 1 4 
021101020 2 1 1 4 
021101022 2 1 2 4 6 
021101122 2 1 1 4 
021101200 1 2 4 0 4 7 8 
021101202 2 1 1 7 
021101212 0 2 1 4 
021101220 2 1 2 4 8 
021102000 0 5 4 0 4 6 7 
021102001 0 4 2 4 6 
021102010 0 4 1 6 
021102012 0 3 3 0 4 6 
021102021 2 1 1 4 
021102100 1 2 4 0 4 7 8 
021102102 1 2 3 0 4 7 
021102112 1 2 2 0 4 
021102120 2 1 1 4 
021102121 2 1 1 4 
021102201 0 3 3 0 4 7 
021102210 0 3 3 0 4 8 
021102211 0 2 2 0 4 
021110002 1 2 4 0 5 6 7 
021110020 1 2 4 0 5 6 8 
021110022 2 1 1 6 
021110200 0 4 1 5 
021110202 2 1 1 7 
021110212 0 2 1 5 
021110220 2 1 1 8 
021110221 1 2 2 0 5 
021112000 0 4 1 6 
021112002 0 3 1 6 
021112012 0 2 1 6 
021112020 0 3 1 6 
021112021 1 2 2 0 6 
021112200 0 3 3 0 7 8 
021112201 0 2 1 0 
021112210 0 2 2 0 8 
021112212 0 1 1 0 
021112221 0 1 1 0 
021120000 2 1 1 7 
021120001 2 1 1 7 
021120010 0 4 2 6 8 
021120012 2 1 1 0 
021120100 2 1 1 7 
021120102 2 1 2 0 7 
021120112 2 1 1 0 
021120201 2 1 1 7 
021120210 0 3 3 0 5 8 
021120211 0 2 1 5 
021121000 2 1 1 7 
021121002 2 1 2 0 7 
021121012 2 1 1 0 
021121102 2 1 2 0 7 
021121200 2 1 1 7 
021121210 0 2 1 8 
021121212 2 1 1 0 
021122001 2 1 1 7 
021122010 0 3 3 0 6 8 
021122011 0 2 1 6 
021122100 2 1 1 7 
021122101 2 1 1 7 
021122110 1 2 2 0 8 
021122112 2 1 1 0 
021122211 0 1 1 0 
021200001 1 4 1 5 
021200010 0 5 4 4 5 6 8 
021200011 1 2 4 0 4 5 6 
021200100 2 3 1 4 
021200101 1 2 4 0 4 5 7 
021200110 1 2 4 0 4 5 8 
021200112 2 3 1 4 
021200121 2 1 1 4 
021200211 2 1 1 0 
021201000 2 5 1 8 
021201010 0 4 1 8 
021201012 2 3 1 0 
021201100 1 2 4 0 4 7 8 
021201102 2 3 1 4 
021201112 0 2 1 4 
021201120 2 1 1 4 
021201210 2 1 1 0 
021202011 2 1 1 4 
021202101 2 1 1 4 
021202110 2 1 1 4 
021210000 0 5 1 6 
021210001 1 2 4 0 5 6 7 
021210010 0 4 1 6 
021210012 0 3 1 6 
021210021 1 2 3 0 5 6 
021210201 2 1 1 0 
021210210 2 1 1 0 
021210211 2 1 1 0 
021211000 1 2 4 0 6 7 8 
021211002 2 3 1 6 
021211012 0 2 1 6 
021211020 1 2 3 0 6 8 
021211200 2 1 1 0 
021211210 2 1 1 0 
021211212 2 1 1 0 
021212001 1 2 3 0 6 7 
021212010 0 3 1 6 
021212011 1 2 2 0 6 
021212211 2 1 1 0 
021220011 2 1 1 5 
021220101 2 1 2 5 7 
021220110 2 1 1 5 
021221010 0 3 1 8 
021221100 2 1 1 7 
021221110 0 2 1 8 
021221112 2 1 1 0 
022000011 2 1 1 0 
022000101 2 1 1 0 
022000110 2 1 1 0 
022001001 2 1 1 0 
022001010 2 1 1 0 
022001011 2 1 1 0 
022001100 2 1 1 0 
022001101 2 1 1 0 
022001110 2 1 1 0 
022001112 2 1 1 0 
022001121 2 1 2 0 4 
022001211 2 1 2 0 4 
022010001 2 1 1 0 
022010010 2 1 1 0 
022010011 2 1 1 0 
022010100 2 1 1 0 
022010101 2 1 1 0 
022010110 2 1 1 0 
022010112 2 1 2 0 5 
022010121 2 1 1 0 
022010211 2 1 1 0 
022011000 2 1 1 0 
022011001 2 1 1 0 
022011010 2 1 1 0 
022011012 2 1 1 0 
022011021 2 1 1 0 
022011100 2 1 1 0 
022011102 2 1 1 0 
022011112 2 1 1 0 
022011120 2 1 1 0 
022011121 2 1 1 0 
022011201 2 1 1 0 
022011210 2 1 1 0 
022011211 2 1 1 0 
022012011 2 1 1 0 
022012101 2 1 1 0 
022012110 2 1 2 0 8 
022021011 2 1 2 0 6 
022021101 2 1 2 0 7 
022021110 2 1 1 0 
022100001 2 1 1 0 
022100010 2 1 1 0 
022100011 2 1 1 0 
022100100 2 1 1 0 
022100101 2 1 1 0 
022100110 2 1 1 0 
022100112 2 1 2 0 5 
022100121 2 1 2 0 4 
022100211 2 1 2 0 4 
022101000 2 1 1 0 
022101001 2 1 1 0 
022101010 2 1 1 0 
022101012 2 1 1 0 
022101021 2 1 2 0 4 
022101100 2 1 1 0 
022101102 2 1 1 0 
022101112 2 1 1 0 
022101120 2 1 2 0 4 
022101121 2 1 2 0 4 
022101201 2 1 2 0 4 
022101210 2 1 2 0 4 
022101211 2 1 2 0 4 
022102011 2 1 1 0 
022102101 2 1 1 0 
022102110 2 1 2 0 8 
022110000 2 1 1 0 
022110001 2 1 1 0 
022110010 2 1 1 0 
022110012 2 1 2 0 5 
022110021 2 1 1 0 
022110100 2 1 1 0 
022110102 2 1 2 0 5 
022110112 2 1 2 0 5 
022110120 2 1 1 0 
022110121 2 1 1 0 
022110201 2 1 1 0 
022110210 2 1 1 0 
022110211 2 1 1 0 
022112001 2 1 1 0 
022112010 2 1 2 0 8 
022112011 2 1 1 0 
022112100 2 1 2 0 8 
022112101 2 1 1 0 
022112110 2 1 2 0 8 
022112121 2 1 1 0 
022112211 2 1 1 0 
022120011 2 1 2 0 6 
022120101 2 1 2 0 7 
022120110 2 1 1 0 
022121001 2 1 3 0 6 7 
022121010 2 1 2 0 6 
022121011 2 1 2 0 6 
022121100 2 1 2 0 7 
022121101 2 1 2 0 7 
022121110 2 1 1 0 
022121112 2 1 1 0 
022201011 2 1 1 0 
022201101 2 1 1 0 
022201110 2 1 1 0 
022210011 2 1 1 0 
022210101 2 1 1 0 
022210110 2 1 1 0 
022211001 2 1 1 0 
022211010 2 1 1 0 
022211011 2 1 1 0 
022211100 2 1 1 0 
022211101 2 1 1 0 
022211110 2 1 1 0 
022211112 2 1 1 0 
022211121 2 1 1 0 
022211211 2 1 1 0 
100000000 0 8 1 4 
100000002 2 5 2 2 6 
100000012 0 6 3 1 2 4 
100000020 2 5 1 6 
100000021 0 6 1 4 
100000102 1 4 1 3 
100000120 1 4 1 3 
100000122 1 4 1 3 
100000200 2 5 3 2 7 8 
100000201 1 4 1 4 
100000210 0 6 2 1 4 
100000212 2 3 1 2 
100000221 2 3 1 4 
100001002 0 6 3 3 4 6 
100001020 0 6 1 4 
100001022 2 1 1 6 
100001122 1 4 1 3 
100001200 0 6 1 8 
100001202 2 1 1 7 
100001212 0 4 2 1 4 
100001220 2 1 1 8 
100001221 1 2 4 1 2 3 4 
100002000 2 5 1 2 
100002001 0 6 1 4 
100002010 0 6 1 4 
100002012 2 1 1 2 
100002021 2 3 1 4 
100002100 1 4 1 3 
100002102 2 1 1 2 
100002112 2 1 1 2 
100002120 1 4 1 3 
100002121 1 2 4 1 2 3 4 
100002201 2 3 1 4 
100002210 2 3 2 2 4 
100002211 2 3 1 4 
100010002 0 6 2 2 6 
100010020 1 4 1 8 
100010022 2 1 1 6 
100010122 1 2 4 1 2 3 5 
100010200 0 6 1 8 
100010202 2 1 1 7 
100010212 0 4 1 1 
100010220 2 1 1 8 
100011022 2 1 1 6 
100011202 2 1 1 7 
100011220 2 1 1 8 
100012000 1 4 1 8 
100012002 2 1 1 2 
100012012 2 1 1 2 
100012020 2 3 1 8 
100012102 2 1 1 2 
100012120 1 2 4 1 2 3 8 
100012122 2 1 1 2 
100012200 2 3 1 8 
100012210 1 2 4 1 2 3 8 
100012212 2 1 1 2 
100020000 0 7 7 1 2 3 5 6 7 8 
100020001 0 6 4 1 3 5 7 
100020010 0 6 4 3 5 6 8 
100020012 2 3 2 2 5 
100020021 2 1 1 1 
100020100 0 6 1 3 
100020102 0 5 1 3 
100020112 0 4 1 3 
100020120 2 1 1 1 
100020121 2 1 1 1 
100020201 2 1 1 2 
100020210 2 1 1 2 
100020211 2 1 1 2 
100021000 0 6 4 1 2 7 8 
100021002 2 3 2 6 7 
100021012 0 4 4 1 2 3 6 
100021020 2 1 1 1 
100021021 2 1 1 1 
100021102 0 4 1 3 
100021120 2 1 1 1 
100021122 2 1 1 1 
100021200 2 1 1 2 
100021201 2 1 1 2 
100021210 2 1 1 2 
100021212 2 1 1 2 
100021221 2 1 2 1 2 
100022001 2 1 1 3 
100022010 2 1 1 3 
100022011 2 1 1 3 
100022100 2 1 1 3 
100022101 2 1 1 3 
100022110 2 1 1 3 
100022112 2 1 2 2 3 
100022121 2 1 2 1 3 
100022211 2 1 2 2 3 
100100002 2 5 1 6 
100100020 2 5 1 6 
100100022 2 1 1 6 
100100200 2 5 2 7 8 
100100202 2 1 1 7 
100100212 2 3 1 2 
100100220 2 1 1 8 
100100221 2 3 1 4 
100101022 2 1 1 6 
100101202 2 1 1 7 
100101220 2 1 1 8 
100102000 0 6 1 6 
100102002 2 1 1 2 
100102012 2 1 1 2 
100102020 2 5 1 6 
100102021 1 2 4 1 2 4 6 
100102200 2 3 2 2 8 
100102201 0 4 1 4 
100102210 2 3 1 2 
100102212 2 1 1 2 
100102221 2 3 1 4 
100110022 2 1 1 6 
100110202 2 1 1 7 
100110220 2 1 1 8 
100112002 2 1 1 2 
100112020 1 2 4 1 2 6 8 
100112022 2 1 2 2 6 
100112200 2 3 1 8 
100112202 2 1 2 2 7 
100112212 2 1 1 2 
100112220 2 1 1 8 
100120000 0 6 1 6 
100120002 2 3 1 6 
100120012 0 4 1 6 
100120020 2 1 1 1 
100120021 2 1 1 1 
100120200 2 1 1 2 
100120201 2 1 1 2 
100120210 2 1 1 2 
100120212 2 1 1 2 
100120221 2 1 2 1 2 
100121002 2 3 1 6 
100121020 2 1 1 1 
100121022 2 1 2 1 6 
100121200 2 1 1 2 
100121202 2 1 2 2 7 
100121212 2 1 1 2 
100121220 2 1 3 1 2 8 
100121221 2 1 2 1 2 
100122000 0 5 1 6 
100122001 0 4 1 6 
100122010 0 4 1 6 
100122012 2 1 1 2 
100122021 2 1 1 1 
100122201 2 1 1 2 
100122210 2 1 1 2 
100122211 2 1 1 2 
100200000 0 7 4 1 2 4 8 
100200001 0 6 1 4 
100200010 0 6 1 4 
100200012 2 3 1 5 
100200021 2 3 1 4 
100200100 0 6 1 4 
100200102 2 3 1 5 
100200112 2 3 1 5 
100200120 2 3 1 4 
100200121 2 3 1 4 
100200201 2 3 1 4 
100200210 2 3 1 4 
100200211 2 3 1 4 
100201000 0 6 2 2 8 
100201002 0 5 5 1 2 4 6 7 
100201012 0 4 3 1 2 4 
100201020 0 5 4 1 2 4 8 
100201021 1 2 4 1 2 4 6 
100201102 0 4 3 1 2 4 
100201120 0 4 2 2 4 
100201122 0 3 3 1 2 4 
100201200 0 5 2 2 8 
100201201 1 2 4 1 2 4 7 
100201210 1 4 4 1 2 4 8 
100201212 0 3 3 1 2 4 
100201221 1 2 3 1 2 4 
100202001 2 1 1 4 
100202010 2 1 1 4 
100202011 2 1 1 4 
100202100 2 1 1 4 
100202101 2 1 1 4 
100202110 2 1 1 4 
100202112 2 1 2 2 4 
100202121 2 1 1 4 
100202211 2 1 1 4 
100210000 1 4 1 8 
100210002 0 5 4 1 2 6 7 
100210012 0 4 1 1 
100210020 0 5 1 8 
100210102 0 4 1 2 
100210120 1 2 4 1 2 5 8 
100210122 0 3 1 2 
100210200 0 5 1 8 
100210210 1 2 4 1 2 5 8 
100210212 0 3 1 1 
100211002 0 4 4 1 2 6 7 
100211020 0 4 1 8 
100211022 2 1 1 6 
100211122 0 2 1 2 
100211200 0 4 1 8 
100211202 2 1 1 7 
100211212 0 2 1 1 
100211220 2 1 1 8 
100212000 1 4 1 8 
100212010 1 2 4 1 2 6 8 
100212012 2 1 1 2 
100212100 1 2 4 1 2 7 8 
100212102 2 1 1 2 
100212112 2 1 1 2 
100212120 1 2 3 1 2 8 
100212210 1 2 3 1 2 8 
100220001 2 1 1 5 
100220010 2 1 1 5 
100220011 2 1 1 5 
100220100 2 1 1 5 
100220101 2 1 1 5 
100220110 2 1 1 5 
100220112 2 1 1 5 
100220121 2 1 2 1 5 
100220211 2 1 2 2 5 
100221000 0 5 4 1 2 7 8 
100221001 0 4 1 2 
100221010 0 4 2 2 8 
100221012 0 3 3 1 2 6 
100221021 2 1 1 1 
100221100 0 4 4 1 2 7 8 
100221102 0 3 3 1 2 7 
100221112 0 2 2 1 2 
100221120 2 1 1 1 
100221121 2 1 1 1 
100221201 2 1 1 2 
100221210 2 1 1 2 
100221211 2 1 1 2 
101000002 1 4 1 1 
101000020 1 4 1 1 
101000022 2 1 1 6 
101000122 1 2 4 1 3 4 5 
101000200 1 4 1 1 
101000202 2 1 1 7 
101000212 0 4 1 1 
101000220 2 1 1 8 
101000221 1 2 4 1 3 4 5 
101001022 2 1 1 6 
101001202 2 1 1 7 
101001220 2 1 1 8 
101002000 1 4 1 1 
101002002 1 4 1 1 
101002012 1 4 1 1 
101002020 1 4 1 1 
101002021 1 2 4 1 3 4 6 
101002102 1 2 4 1 3 4 7 
101002120 1 2 4 1 3 4 8 
101002122 1 2 3 1 3 4 
101002200 0 5 1 1 
101002201 1 2 4 1 3 4 7 
101002210 0 4 1 1 
101002212 0 3 1 1 
101002221 1 2 3 1 3 4 
101010022 2 1 1 6 
101010202 2 1 1 7 
101010220 2 1 1 8 
101012002 1 2 4 1 3 6 7 
101012020 1 2 4 1 3 6 8 
101012022 2 1 1 6 
101012200 1 2 4 1 3 7 8 
101012202 2 1 1 7 
101012212 0 2 1 1 
101012220 2 1 1 8 
101020000 0 6 1 1 
101020002 0 5 1 1 
101020012 0 4 1 1 
101020020 2 1 1 1 
101020021 2 1 1 1 
101020102 1 2 4 1 3 5 7 
101020120 2 1 1 1 
101020122 2 1 1 1 
101020200 0 5 1 1 
101020201 1 2 4 1 3 5 7 
101020210 0 4 1 1 
101020212 0 3 1 1 
101020221 2 1 1 1 
101021002 0 4 1 1 
101021020 2 1 1 1 
101021022 2 1 2 1 6 
101021122 2 1 1 1 
101021200 1 2 4 1 3 7 8 
101021202 2 1 1 7 
101021212 0 2 1 1 
101021220 2 1 2 1 8 
101022000 2 1 1 3 
101022001 2 1 1 3 
101022010 2 1 1 3 
101022012 2 1 1 3 
101022021 2 1 2 1 3 
101022100 2 1 1 3 
101022102 2 1 1 3 
101022112 2 1 1 3 
101022120 2 1 2 1 3 
101022121 2 1 2 1 3 
101022201 2 1 1 3 
101022210 2 1 1 3 
101022211 2 1 1 3 
101100022 2 1 1 6 
101100202 2 1 1 7 
101100220 2 1 1 8 
101102002 1 2 4 1 4 6 7 
101102020 1 2 4 1 4 6 8 
101102022 2 1 1 6 
101102200 0 4 1 1 
101102202 2 1 1 7 
101102212 0 2 1 1 
101102220 2 1 1 8 
101102221 1 2 2 1 4 
101112022 2 1 1 6 
101112202 2 1 1 7 
101112220 2 1 1 8 
101120002 1 2 4 1 5 6 7 
101120020 2 1 1 1 
101120022 2 1 2 1 6 
101120200 0 4 1 1 
101120202 2 1 1 7 
101120212 0 2 1 1 
101120220 2 1 2 1 8 
101120221 2 1 1 1 
101121022 2 1 2 1 6 
101121202 2 1 1 7 
101121220 2 1 2 1 8 
101122000 1 2 4 1 6 7 8 
101122002 1 2 3 1 6 7 
101122012 1 2 2 1 6 
101122020 2 1 1 1 
101122021 2 1 1 1 
101122200 0 3 1 1 
101122201 0 2 1 1 
101122210 0 2 1 1 
101122212 0 1 1 1 
101122221 2 1 1 1 
101200000 1 4 1 1 
101200002 0 5 1 1 
101200012 0 4 1 1 
101200020 1 4 1 1 
101200021 1 2 4 1 4 5 6 
101200102 1 2 4 1 4 5 7 
101200120 1 2 4 1 4 5 8 
101200122 1 2 3 1 4 5 
101200200 1 4 1 1 
101200201 1 2 4 1 4 5 7 
101200210 1 4 1 1 
101200212 0 3 1 1 
101200221 1 2 3 1 4 5 
101201002 0 4 1 1 
101201020 1 2 4 1 4 6 8 
101201022 2 1 1 6 
101201122 1 2 2 1 4 
101201200 1 2 4 1 4 7 8 
101201202 2 1 1 7 
101201212 0 2 1 1 
101201220 2 1 1 8 
101202000 2 1 1 4 
101202001 2 1 1 4 
101202010 2 1 1 4 
101202012 2 1 1 4 
101202021 2 1 1 4 
101202100 2 1 1 4 
101202102 2 1 1 4 
101202112 2 1 1 4 
101202120 2 1 1 4 
101202121 2 1 1 4 
101202201 2 1 1 4 
101202210 2 1 1 4 
101202211 2 1 1 4 
101210002 1 2 4 1 5 6 7 
101210020 1 2 4 1 5 6 8 
101210022 2 1 1 6 
101210200 1 2 4 1 5 7 8 
101210202 2 1 1 7 
101210212 0 2 1 1 
101210220 2 1 1 8 
101211022 2 1 1 6 
101211202 2 1 1 7 
101211220 2 1 1 8 
101212000 1 2 4 1 6 7 8 
101212002 1 2 3 1 6 7 
101212012 1 2 2 1 6 
101212020 1 2 3 1 6 8 
101212200 1 2 3 1 7 8 
101212210 1 2 2 1 8 
101212212 0 1 1 1 
101220000 2 1 1 5 
101220001 2 1 1 5 
101220010 2 1 1 5 
101220012 2 1 1 5 
101220021 2 1 2 1 5 
101220100 2 1 1 5 
101220102 2 1 1 5 
101220112 2 1 1 5 
101220120 2 1 2 1 5 
101220121 2 1 2 1 5 
101220201 2 1 1 5 
101220210 2 1 1 5 
101220211 2 1 1 5 
101221000 1 2 4 1 6 7 8 
101221002 0 3 1 1 
101221012 0 2 1 1 
101221020 2 1 1 1 
101221102 0 2 1 1 
101221120 2 1 1 1 
101221122 2 1 1 1 
101221200 1 2 3 1 7 8 
101221210 1 2 2 1 8 
101221212 0 1 1 1 
102000000 2 5 3 5 6 8 
102000001 1 4 1 4 
102000010 0 6 1 8 
102000012 2 1 1 5 
102000021 2 3 1 4 
102000100 1 4 1 3 
102000102 2 1 1 5 
102000112 2 1 1 5 
102000120 0 5 1 3 
102000121 1 2 4 1 3 4 5 
102000201 2 1 1 4 
102000210 2 1 1 4 
102000211 2 1 1 4 
102001000 0 6 2 3 4 
102001002 2 3 1 6 
102001012 0 4 2 3 4 
102001020 2 3 2 4 6 
102001021 2 3 1 4 
102001102 0 4 1 3 
102001120 0 4 1 3 
102001122 0 3 1 3 
102001200 2 1 1 4 
102001201 2 1 1 4 
102001210 2 1 1 4 
102001212 2 1 1 4 
102001221 2 1 1 4 
102002001 2 3 1 4 
102002010 2 1 1 8 
102002011 1 2 4 1 3 4 6 
102002100 2 1 1 8 
102002101 1 2 4 1 3 4 7 
102002110 2 1 1 8 
102002121 1 2 3 1 3 4 
102002211 2 1 1 4 
102010000 0 6 1 8 
102010002 2 1 1 5 
102010012 2 1 1 5 
102010020 2 3 1 8 
102010102 2 1 1 5 
102010120 1 2 4 1 3 5 8 
102010122 2 1 1 5 
102010200 2 3 1 8 
102010210 1 2 4 1 3 5 8 
102010212 2 1 1 5 
102011002 0 4 1 3 
102011020 1 2 4 1 3 6 8 
102011022 2 1 1 6 
102011122 0 2 1 3 
102011200 1 2 4 1 3 7 8 
102011202 2 1 1 7 
102011212 1 2 2 1 3 
102011220 2 1 1 8 
102012000 2 1 1 8 
102012010 2 1 1 8 
102012100 2 1 1 8 
102012120 2 1 1 8 
102012210 2 1 1 8 
102020001 2 1 1 6 
102020010 2 1 1 6 
102020011 2 1 1 6 
102020100 0 5 1 3 
102020101 1 2 4 1 3 5 7 
102020110 1 2 4 1 3 5 8 
102020112 2 1 1 5 
102020121 2 1 1 1 
102021000 2 1 1 6 
102021001 2 1 1 6 
102021010 2 1 1 6 
102021012 2 1 1 6 
102021021 2 1 2 1 6 
102021100 0 4 1 3 
102021102 0 3 1 3 
102021112 0 2 1 3 
102021120 2 1 1 1 
102021121 2 1 1 1 
102022011 2 1 2 3 6 
102022101 2 1 1 3 
102022110 2 1 2 3 8 
102100000 1 4 1 6 
102100002 2 1 1 5 
102100012 2 1 1 5 
102100020 2 3 1 6 
102100021 1 2 4 1 4 5 6 
102100200 2 1 1 4 
102100201 2 1 1 4 
102100210 2 1 1 4 
102100212 2 1 2 4 5 
102100221 2 1 1 4 
102101002 1 2 4 1 4 6 7 
102101020 1 2 4 1 4 6 8 
102101022 2 1 1 6 
102101200 2 1 1 4 
102101202 2 1 2 4 7 
102101212 2 1 1 4 
102101220 2 1 2 4 8 
102101221 2 1 1 4 
102102000 2 1 1 8 
102102001 1 2 4 1 4 6 7 
102102010 2 1 1 8 
102102021 1 2 3 1 4 6 
102102201 2 1 1 4 
102102210 2 1 2 4 8 
102102211 2 1 1 4 
102110002 2 1 1 5 
102110020 1 2 4 1 5 6 8 
102110022 2 1 2 5 6 
102110200 1 2 4 1 5 7 8 
102110202 2 1 2 5 7 
102110212 2 1 1 5 
102110220 2 1 1 8 
102112000 2 1 1 8 
102112020 2 1 1 8 
102112200 2 1 1 8 
102112210 2 1 1 8 
102120000 2 1 1 6 
102120001 2 1 1 6 
102120010 2 1 1 6 
102120012 2 1 2 5 6 
102120021 2 1 2 1 6 
102121000 2 1 1 6 
102121002 2 1 1 6 
102121012 2 1 1 6 
102121020 2 1 2 1 6 
102121021 2 1 2 1 6 
102122001 2 1 1 6 
102122010 2 1 2 6 8 
102122011 2 1 1 6 
102200001 2 3 1 4 
102200010 2 3 2 4 5 
102200011 1 2 4 1 4 5 6 
102200100 2 3 1 5 
102200101 1 2 4 1 4 5 7 
102200110 0 4 1 8 
102200112 2 1 1 5 
102200121 2 3 1 4 
102200211 2 1 1 4 
102201000 0 5 5 1 4 6 7 8 
102201001 0 4 1 4 
102201010 0 4 2 4 8 
102201012 0 3 3 1 4 6 
102201021 2 3 1 4 
102201100 0 4 3 4 7 8 
102201102 0 3 3 1 4 7 
102201112 0 2 2 1 4 
102201120 0 3 3 1 4 8 
102201121 0 2 1 4 
102201201 2 1 1 4 
102201210 2 1 1 4 
102201211 2 1 1 4 
102202011 2 1 1 4 
102202101 2 1 1 4 
102202110 2 1 2 4 8 
102210000 0 5 1 8 
102210010 1 2 4 1 5 6 8 
102210012 2 1 1 5 
102210100 0 4 1 8 
102210102 2 1 1 5 
102210112 2 1 1 5 
102210120 0 3 1 8 
102210210 1 2 3 1 5 8 
102211000 0 4 1 8 
102211002 0 3 3 1 6 7 
102211012 0 2 1 1 
102211020 0 3 1 8 
102211102 0 2 2 1 7 
102211120 0 2 1 8 
102211122 0 1 1 1 
102211200 0 3 1 8 
102211210 1 2 2 1 8 
102211212 0 1 1 1 
102212010 2 1 1 8 
102212100 2 1 1 8 
102212110 2 1 1 8 
102220011 2 1 2 5 6 
102220101 2 1 1 5 
102220110 2 1 1 5 
102221001 2 1 1 6 
102221010 2 1 1 6 
102221011 2 1 1 6 
102221100 0 3 3 1 7 8 
102221101 0 2 1 7 
102221110 0 2 1 8 
102221112 0 1 1 1 
102221121 2 1 1 1 
110000002 2 5 1 2 
110000020 0 6 1 2 
110000022 2 1 1 6 
110000122 1 2 4 2 3 4 5 
110000200 1 4 1 2 
110000202 2 1 1 7 
110000212 1 2 4 2 3 4 5 
110000220 2 1 1 8 
110000221 1 2 4 2 3 4 5 
110001022 2 1 1 6 
110001202 2 1 1 7 
110001220 2 1 1 8 
110002000 2 5 1 2 
110002002 2 1 1 2 
110002012 2 1 1 2 
110002020 2 5 1 2 
110002021 1 2 4 2 3 4 6 
110002102 2 1 1 2 
110002120 1 2 4 2 3 4 8 
110002122 2 1 1 2 
110002200 2 3 1 2 
110002201 1 2 4 2 3 4 7 
110002210 1 2 4 2 3 4 8 
110002212 2 1 1 2 
110002221 1 2 3 2 3 4 
110010022 2 1 1 6 
110010202 2 1 1 7 
110010220 2 1 1 8 
110012002 2 1 1 2 
110012020 1 2 4 2 3 6 8 
110012022 2 1 2 2 6 
110012122 2 1 1 2 
110012200 1 2 4 2 3 7 8 
110012202 2 1 2 2 7 
110012220 2 1 1 8 
110020000 0 6 1 2 
110020002 2 3 1 2 
110020012 2 3 1 2 
110020020 0 5 1 2 
110020021 0 4 1 2 
110020102 1 2 4 2 3 5 7 
110020120 1 2 4 2 3 5 8 
110020122 1 2 3 2 3 5 
110020200 2 1 1 2 
110020201 2 1 1 2 
110020210 2 1 1 2 
110020212 2 1 1 2 
110020221 2 1 1 2 
110021002 0 4 1 2 
110021020 0 4 1 2 
110021022 2 1 1 6 
110021122 1 2 2 2 3 
110021200 2 1 1 2 
110021202 2 1 2 2 7 
110021212 2 1 1 2 
110021220 2 1 2 2 8 
110021221 2 1 1 2 
110022000 2 1 1 3 
110022001 2 1 1 3 
110022010 2 1 1 3 
110022012 2 1 2 2 3 
110022021 2 1 1 3 
110022100 2 1 1 3 
110022102 2 1 2 2 3 
110022112 2 1 2 2 3 
110022120 2 1 1 3 
110022121 2 1 1 3 
110022201 2 1 2 2 3 
110022210 2 1 2 2 3 
110022211 2 1 2 2 3 
110100022 2 1 1 6 
110100202 2 1 1 7 
110100220 2 1 1 8 
110102002 2 1 1 2 
110102020 1 2 4 2 4 6 8 
110102022 2 1 2 2 6 
110102200 2 3 1 2 
110102202 2 1 2 2 7 
110102212 2 1 1 2 
110102220 2 1 1 8 
110102221 1 2 2 2 4 
110112022 2 1 2 2 6 
110112202 2 1 2 2 7 
110112220 2 1 1 8 
110120002 1 2 4 2 5 6 7 
110120020 1 2 4 2 5 6 8 
110120022 2 1 1 6 
110120200 2 1 1 2 
110120202 2 1 2 2 7 
110120212 2 1 1 2 
110120220 2 1 2 2 8 
110120221 2 1 1 2 
110121022 2 1 1 6 
110121202 2 1 2 2 7 
110121220 2 1 2 2 8 
110122000 1 2 4 2 6 7 8 
110122002 2 1 1 2 
110122012 2 1 1 2 
110122020 1 2 3 2 6 8 
110122021 1 2 2 2 6 
110122200 2 1 1 2 
110122201 2 1 1 2 
110122210 2 1 1 2 
110122212 2 1 1 2 
110122221 2 1 1 2 
110200000 1 4 1 2 
110200002 2 5 1 2 
110200012 1 2 4 2 4 5 6 
110200020 2 5 1 2 
110200021 1 2 4 2 4 5 6 
110200102 0 4 1 2 
110200120 0 4 1 2 
110200122 0 3 1 2 
110200200 1 4 1 2 
110200201 1 2 4 2 4 5 7 
110200210 1 2 4 2 4 5 8 
110200212 1 2 3 2 4 5 
110200221 1 2 3 2 4 5 
110201002 0 4 1 2 
110201020 0 4 1 2 
110201022 2 1 1 6 
110201122 0 2 1 2 
110201200 1 4 1 2 
110201202 2 1 1 7 
110201212 1 2 2 2 4 
110201220 2 1 1 8 
110201221 1 2 2 2 4 
110202000 2 1 1 4 
110202001 2 1 1 4 
110202010 2 1 1 4 
110202012 2 1 2 2 4 
110202021 2 1 1 4 
110202100 2 1 1 4 
110202102 2 1 2 2 4 
110202112 2 1 2 2 4 
110202120 2 1 1 4 
110202121 2 1 1 4 
110202201 2 1 1 4 
110202210 2 1 1 4 
110202211 2 1 1 4 
110210002 1 2 4 2 5 6 7 
110210020 1 2 4 2 5 6 8 
110210022 2 1 1 6 
110210122 0 2 1 2 
110210200 1 2 4 2 5 7 8 
110210202 2 1 1 7 
110210220 2 1 1 8 
110211022 2 1 1 6 
110211202 2 1 1 7 
110211220 2 1 1 8 
110212000 1 2 4 2 6 7 8 
110212002 2 1 1 2 
110212020 1 2 3 2 6 8 
110212102 2 1 1 2 
110212120 1 2 2 2 8 
110212122 2 1 1 2 
110212200 1 2 3 2 7 8 
110220000 2 1 1 5 
110220001 2 1 1 5 
110220010 2 1 1 5 
110220012 2 1 1 5 
110220021 2 1 1 5 
110220100 2 1 1 5 
110220102 2 1 1 5 
110220112 2 1 1 5 
110220120 2 1 1 5 
110220121 2 1 1 5 
110220201 2 1 2 2 5 
110220210 2 1 2 2 5 
110220211 2 1 2 2 5 
110221000 0 4 1 2 
110221002 0 3 1 2 
110221012 0 2 1 2 
110221020 0 3 1 2 
110221021 0 2 1 2 
110221102 0 2 1 2 
110221120 0 2 1 2 
110221122 0 1 1 2 
110221200 2 1 1 2 
110221201 2 1 1 2 
110221210 2 1 1 2 
110221212 2 1 1 2 
110221221 2 1 1 2 
112000000 2 5 2 5 8 
112000002 2 1 1 5 
112000012 2 1 1 5 
112000020 2 3 2 6 8 
112000021 0 4 1 4 
112000102 2 1 1 5 
112000120 0 4 1 3 
112000122 2 1 1 5 
112000200 2 1 1 4 
112000201 2 1 1 4 
112000210 2 1 1 4 
112000212 2 1 2 4 5 
112000221 2 1 1 4 
112001002 2 3 1 6 
112001020 2 3 1 6 
112001022 2 1 1 6 
112001122 0 2 1 3 
112001200 2 1 1 4 
112001202 2 1 2 4 7 
112001212 2 1 1 4 
112001220 2 1 2 4 8 
112001221 2 1 1 4 
112002000 2 1 1 8 
112002001 2 3 1 4 
112002010 2 1 1 8 
112002021 2 3 1 4 
112002100 2 1 1 8 
112002120 2 1 1 8 
112002121 1 2 2 3 4 
112002201 2 1 1 4 
112002210 2 1 2 4 8 
112002211 2 1 1 4 
112010002 2 1 1 5 
112010020 2 3 1 8 
112010022 2 1 2 5 6 
112010122 2 1 1 5 
112010200 1 2 4 3 5 7 8 
112010202 2 1 2 5 7 
112010220 2 1 1 8 
112011022 2 1 1 6 
112011202 2 1 1 7 
112011220 2 1 1 8 
112012000 2 1 1 8 
112012020 2 1 1 8 
112012120 2 1 1 8 
112012200 2 1 1 8 
112020000 2 1 1 6 
112020001 2 1 1 6 
112020010 2 1 1 6 
112020012 2 1 2 5 6 
112020021 2 1 1 6 
112020100 0 4 1 3 
112020102 2 1 1 5 
112020112 2 1 1 5 
112020120 0 3 1 3 
112020121 0 2 1 3 
112021000 2 1 1 6 
112021002 2 1 1 6 
112021012 2 1 1 6 
112021020 2 1 1 6 
112021021 2 1 1 6 
112021102 0 2 1 3 
112021120 0 2 1 3 
112021122 0 1 1 3 
112022001 2 1 2 3 6 
112022010 2 1 3 3 6 8 
112022011 2 1 2 3 6 
112022100 2 1 2 3 8 
112022101 2 1 1 3 
112022110 2 1 2 3 8 
112022121 2 1 1 3 
112100002 2 1 1 5 
112100020 2 3 1 6 
112100022 2 1 2 5 6 
112100200 2 1 1 4 
112100202 2 1 3 4 5 7 
112100212 2 1 2 4 5 
112100220 2 1 2 4 8 
112100221 2 1 1 4 
112101022 2 1 1 6 
112101202 2 1 2 4 7 
112101220 2 1 2 4 8 
112102000 2 1 1 8 
112102020 2 1 1 8 
112102021 1 2 2 4 6 
112102200 2 1 2 4 8 
112102201 2 1 1 4 
112102210 2 1 2 4 8 
112102221 2 1 1 4 
112110022 2 1 2 5 6 
112110202 2 1 2 5 7 
112110220 2 1 1 8 
112112020 2 1 1 8 
112112200 2 1 1 8 
112112220 2 1 1 8 
112120000 2 1 1 6 
112120002 2 1 2 5 6 
112120012 2 1 2 5 6 
112120020 2 1 1 6 
112120021 2 1 1 6 
112121002 2 1 1 6 
112121020 2 1 1 6 
112121022 2 1 1 6 
112122000 2 1 2 6 8 
112122001 2 1 1 6 
112122010 2 1 2 6 8 
112122021 2 1 1 6 
112200000 2 3 2 4 5 
112200001 2 3 1 4 
112200010 2 3 1 4 
112200012 2 1 1 5 
112200021 2 3 1 4 
112200100 2 3 1 5 
112200102 2 1 1 5 
112200112 2 1 1 5 
112200120 2 3 1 5 
112200121 0 2 1 4 
112200201 2 1 1 4 
112200210 2 1 1 4 
112200211 2 1 1 4 
112201000 0 4 3 4 7 8 
112201002 2 3 1 6 
112201012 0 2 1 4 
112201020 2 3 1 6 
112201021 0 2 1 4 
112201102 0 2 2 4 7 
112201120 0 2 2 4 8 
112201122 0 1 1 4 
112201200 2 1 1 4 
112201201 2 1 1 4 
112201210 2 1 1 4 
112201212 2 1 1 4 
112201221 2 1 1 4 
112202001 2 1 1 4 
112202010 2 1 2 4 8 
112202011 2 1 1 4 
112202100 2 1 2 4 8 
112202101 2 1 1 4 
112202110 2 1 2 4 8 
112202121 2 1 1 4 
112202211 2 1 1 4 
112210000 1 2 4 5 6 7 8 
112210002 2 1 1 5 
112210020 2 3 1 8 
112210102 2 1 1 5 
112210120 0 2 1 8 
112210122 2 1 1 5 
112210200 1 2 3 5 7 8 
112211002 0 2 1 7 
112211020 0 2 1 8 
112211022 2 1 1 6 
112211200 1 2 2 7 8 
112211202 2 1 1 7 
112211220 2 1 1 8 
112212000 2 1 1 8 
112212100 2 1 1 8 
112212120 2 1 1 8 
112220001 2 1 2 5 6 
112220010 2 1 2 5 6 
112220011 2 1 2 5 6 
112220100 2 1 1 5 
112220101 2 1 1 5 
112220110 2 1 1 5 
112220112 2 1 1 5 
112220121 2 1 1 5 
112221000 2 1 1 6 
112221001 2 1 1 6 
112221010 2 1 1 6 
112221012 2 1 1 6 
112221021 2 1 1 6 
112221100 0 2 2 7 8 
112221102 0 1 1 7 
112221120 0 1 1 8 
120000000 0 7 4 3 4 6 8 
120000001 0 6 1 4 
120000010 0 6 2 6 8 
120000012 0 5 5 2 3 4 5 6 
120000021 2 1 1 4 
120000100 1 4 1 3 
120000102 0 5 1 3 
120000112 0 4 1 3 
120000120 2 1 1 4 
120000121 2 1 1 4 
120000201 2 3 1 4 
120000210 0 5 5 2 3 4 5 8 
120000211 0 4 1 4 
120001000 0 6 1 4 
120001002 2 3 1 7 
120001012 0 4 3 3 4 6 
120001020 2 1 1 4 
120001021 2 1 1 4 
120001102 0 4 1 3 
120001120 2 1 1 4 
120001122 2 1 1 4 
120001200 2 3 2 4 7 
120001201 1 2 4 2 3 4 7 
120001210 0 4 2 4 8 
120001212 0 3 3 2 3 4 
120001221 2 1 1 4 
120002001 2 3 1 4 
120002010 0 5 4 3 4 6 8 
120002011 1 2 4 2 3 4 6 
120002100 1 4 1 3 
120002101 1 2 4 2 3 4 7 
120002110 1 2 4 2 3 4 8 
120002112 2 1 1 2 
120002121 2 1 1 4 
120002211 2 3 1 4 
120010000 1 4 1 8 
120010002 0 5 4 2 3 5 6 
120010012 0 4 4 2 3 5 6 
120010020 1 4 1 8 
120010102 1 2 4 2 3 5 7 
120010120 1 2 4 2 3 5 8 
120010122 1 2 3 2 3 5 
120010200 0 5 1 8 
120010210 0 4 1 8 
120010212 0 3 3 2 3 5 
120011002 0 4 1 3 
120011020 1 2 4 2 3 6 8 
120011022 2 1 1 6 
120011122 1 2 2 2 3 
120011200 1 2 4 2 3 7 8 
120011202 2 1 1 7 
120011212 0 2 1 3 
120011220 2 1 1 8 
120012000 0 5 1 8 
120012010 0 4 1 8 
120012012 2 1 1 2 
120012100 1 2 4 2 3 7 8 
120012102 2 1 1 2 
120012112 2 1 1 2 
120012120 1 2 3 2 3 8 
120012210 0 3 1 8 
120020001 2 1 1 7 
120020010 0 5 4 3 5 6 8 
120020011 0 4 1 6 
120020100 2 1 1 7 
120020101 2 1 1 7 
120020110 1 2 4 2 3 5 8 
120020112 0 3 1 3 
120020211 2 1 1 2 
120021000 2 1 1 7 
120021001 2 1 1 7 
120021010 0 4 2 6 8 
120021012 0 3 3 2 3 6 
120021100 2 1 1 7 
120021102 2 1 1 7 
120021112 0 2 1 3 
120021201 2 1 2 2 7 
120021210 2 1 1 2 
120021211 2 1 1 2 
120022011 2 1 1 3 
120022101 2 1 2 3 7 
120022110 2 1 1 3 
120100000 1 4 1 6 
120100002 2 5 1 6 
120100012 0 4 1 6 
120100020 2 1 1 4 
120100021 2 1 1 4 
120100200 2 3 2 4 7 
120100201 2 3 1 4 
120100210 0 4 3 4 5 8 
120100212 2 3 1 2 
120100221 2 1 1 4 
120101002 1 2 4 2 4 6 7 
120101020 2 1 1 4 
120101022 2 1 2 4 6 
120101200 2 3 1 4 
120101202 2 1 1 7 
120101212 0 2 1 4 
120101220 2 1 2 4 8 
120101221 2 1 1 4 
120102000 2 5 1 6 
120102001 1 2 4 2 4 6 7 
120102010 0 4 1 6 
120102012 2 1 1 2 
120102021 2 1 1 4 
120102201 2 3 1 4 
120102210 2 3 1 2 
120102211 0 2 1 4 
120110002 1 2 4 2 5 6 7 
120110020 1 2 4 2 5 6 8 
120110022 2 1 1 6 
120110200 1 2 4 2 5 7 8 
120110202 2 1 1 7 
120110212 0 2 1 5 
120110220 2 1 1 8 
120112000 1 2 4 2 6 7 8 
120112002 2 1 1 2 
120112012 2 1 1 2 
120112020 1 2 3 2 6 8 
120112200 2 3 1 8 
120112210 0 2 1 8 
120112212 2 1 1 2 
120120000 2 1 1 7 
120120001 2 1 1 7 
120120010 0 4 1 6 
120120012 0 3 1 6 
120120201 2 1 2 2 7 
120120210 2 1 1 2 
120120211 2 1 1 2 
120121000 2 1 1 7 
120121002 2 1 1 7 
120121012 0 2 1 6 
120121200 2 1 2 2 7 
120121201 2 1 2 2 7 
120121210 2 1 1 2 
120121212 2 1 1 2 
120122001 2 1 1 7 
120122010 0 3 1 6 
120122011 0 2 1 6 
120122211 2 1 1 2 
120200001 2 3 1 4 
120200010 0 5 4 4 5 6 8 
120200011 1 2 4 2 4 5 6 
120200100 2 3 1 4 
120200101 1 2 4 2 4 5 7 
120200110 0 4 1 8 
120200112 2 3 1 5 
120200121 2 1 1 4 
120200211 2 3 1 4 
120201000 0 5 4 2 4 7 8 
120201001 1 2 4 2 4 6 7 
120201010 0 4 1 8 
120201012 0 3 3 2 4 6 
120201021 2 1 1 4 
120201100 0 4 2 4 8 
120201102 0 3 3 2 4 7 
120201112 0 2 2 2 4 
120201120 2 1 1 4 
120201121 2 1 1 4 
120201201 1 2 3 2 4 7 
120201210 0 3 3 2 4 8 
120201211 1 2 2 2 4 
120202011 2 1 1 4 
120202101 2 1 1 4 
120202110 2 1 1 4 
120210000 0 5 1 8 
120210010 0 4 1 8 
120210012 0 3 3 2 5 6 
120210100 1 2 4 2 5 7 8 
120210102 0 3 1 2 
120210112 0 2 1 2 
120210120 1 2 3 2 5 8 
120210210 0 3 1 8 
120211000 0 4 1 8 
120211002 0 3 3 2 6 7 
120211012 0 2 2 2 6 
120211020 0 3 1 8 
120211102 0 2 1 2 
120211120 1 2 2 2 8 
120211122 0 1 1 2 
120211200 0 3 1 8 
120211210 0 2 1 8 
120211212 0 1 1 2 
120212010 0 3 1 8 
120212100 1 2 3 2 7 8 
120212110 1 2 2 2 8 
120212112 2 1 1 2 
120220011 2 1 1 5 
120220101 2 1 2 5 7 
120220110 2 1 1 5 
120221001 2 1 1 7 
120221010 0 3 3 2 6 8 
120221011 1 2 2 2 6 
120221100 2 1 1 7 
120221101 2 1 1 7 
120221110 0 2 1 8 
120221112 0 1 1 2 
120221211 2 1 1 2 
121000000 0 6 1 4 
121000002 2 3 1 7 
121000012 0 4 3 3 4 6 
121000020 2 1 1 4 
121000021 2 1 1 4 
121000102 1 2 4 3 4 5 7 
121000120 2 1 1 4 
121000122 2 1 1 4 
121000200 2 3 1 7 
121000201 1 2 4 3 4 5 7 
121000210 0 4 3 4 5 8 
121000212 0 3 3 3 4 5 
121000221 2 1 1 4 
121001002 2 3 1 7 
121001020 2 1 1 4 
121001022 2 1 2 4 6 
121001122 2 1 1 4 
121001200 0 4 1 8 
121001202 2 1 1 7 
121001212 0 2 2 3 4 
121001220 2 1 2 4 8 
121002000 2 3 1 4 
121002001 2 3 1 4 
121002010 0 4 2 4 6 
121002012 0 3 3 3 4 6 
121002021 2 1 1 4 
121002100 1 2 4 3 4 7 8 
121002102 1 2 3 3 4 7 
121002112 1 2 2 3 4 
121002120 2 1 1 4 
121002121 2 1 1 4 
121002201 2 3 1 4 
121002210 0 3 3 3 4 8 
121002211 0 2 1 4 
121010002 0 4 1 6 
121010020 1 2 4 3 5 6 8 
121010022 2 1 1 6 
121010200 0 4 1 8 
121010202 2 1 1 7 
121010212 0 2 2 3 5 
121010220 2 1 1 8 
121011022 2 1 1 6 
121011202 2 1 1 7 
121011220 2 1 1 8 
121012000 1 2 4 3 6 7 8 
121012002 0 3 1 6 
121012012 0 2 1 6 
121012020 1 2 3 3 6 8 
121012200 0 3 1 8 
121012210 0 2 1 8 
121012212 0 1 1 3 
121020000 2 1 1 7 
121020001 2 1 1 7 
121020010 0 4 4 3 5 6 8 
121020012 0 3 3 3 5 6 
121020100 2 1 1 7 
121020102 2 1 1 7 
121020112 0 2 1 3 
121020201 2 1 1 7 
121020210 0 3 3 3 5 8 
121020211 0 2 1 5 
121021000 2 1 1 7 
121021002 2 1 1 7 
121021012 0 2 2 3 6 
121021102 2 1 1 7 
121021200 2 1 1 7 
121021210 0 2 1 8 
121021212 0 1 1 3 
121022001 2 1 2 3 7 
121022010 2 1 1 3 
121022011 2 1 1 3 
121022100 2 1 2 3 7 
121022101 2 1 2 3 7 
121022110 2 1 1 3 
121022112 2 1 1 3 
121022211 2 1 1 3 
121100002 0 4 1 6 
121100020 2 1 1 4 
121100022 2 1 2 4 6 
121100200 2 3 1 7 
121100202 2 1 1 7 
121100212 0 2 2 4 5 
121100220 2 1 2 4 8 
121100221 2 1 1 4 
121101022 2 1 2 4 6 
121101202 2 1 1 7 
121101220 2 1 2 4 8 
121102000 0 4 1 6 
121102002 0 3 1 6 
121102012 0 2 1 6 
121102020 2 1 1 4 
121102021 2 1 1 4 
121102200 2 3 1 7 
121102201 0 2 1 4 
121102210 0 2 2 4 8 
121102212 0 1 1 4 
121102221 2 1 1 4 
121110022 2 1 1 6 
121110202 2 1 1 7 
121110220 2 1 1 8 
121112002 0 2 1 6 
121112020 1 2 2 6 8 
121112022 2 1 1 6 
121112200 0 2 1 8 
121112202 2 1 1 7 
121112220 2 1 1 8 
121120000 2 1 1 7 
121120002 2 1 1 7 
121120012 0 2 1 6 
121120200 2 1 1 7 
121120201 2 1 1 7 
121120210 0 2 2 5 8 
121120212 0 1 1 5 
121121002 2 1 1 7 
121121200 2 1 1 7 
121121202 2 1 1 7 
121122000 2 1 1 7 
121122001 2 1 1 7 
121122010 0 2 1 6 
121122012 0 1 1 6 
121122201 2 1 1 7 
121122210 0 1 1 8 
121200000 2 3 1 4 
121200001 1 2 4 4 5 6 7 
121200010 0 4 2 4 8 
121200012 0 3 3 4 5 6 
121200021 2 1 1 4 
121200100 2 3 1 4 
121200102 2 3 1 4 
121200112 0 2 1 4 
121200120 2 1 1 4 
121200121 2 1 1 4 
121200201 1 2 3 4 5 7 
121200210 0 3 3 4 5 8 
121200211 1 2 2 4 5 
121201000 0 4 1 8 
121201002 2 3 1 7 
121201012 0 2 2 4 6 
121201020 2 1 1 4 
121201102 0 2 1 4 
121201120 2 1 1 4 
121201122 2 1 1 4 
121201200 0 3 1 8 
121201210 0 2 1 8 
121201212 0 1 1 4 
121202001 2 1 1 4 
121202010 2 1 1 4 
121202011 2 1 1 4 
121202100 2 1 1 4 
121202101 2 1 1 4 
121202110 2 1 1 4 
121202112 2 1 1 4 
121202121 2 1 1 4 
121202211 2 1 1 4 
121210000 1 2 4 5 6 7 8 
121210002 0 3 1 6 
121210012 0 2 1 6 
121210020 1 2 3 5 6 8 
121210200 0 3 1 8 
121210210 0 2 1 8 
121210212 0 1 1 5 
121211002 0 2 1 6 
121211020 1 2 2 6 8 
121211022 2 1 1 6 
121211200 0 2 1 8 
121211202 2 1 1 7 
121211220 2 1 1 8 
121212000 1 2 3 6 7 8 
121212010 1 2 2 6 8 
121212012 0 1 1 6 
121212210 0 1 1 8 
121220001 2 1 2 5 7 
121220010 2 1 1 5 
121220011 2 1 1 5 
121220100 2 1 2 5 7 
121220101 2 1 2 5 7 
121220110 2 1 1 5 
121220112 2 1 1 5 
121220211 2 1 1 5 
121221000 2 1 1 7 
121221010 0 2 1 8 
121221012 0 1 1 6 
121221100 2 1 1 7 
121221102 2 1 1 7 
121221210 0 1 1 8 
122000001 2 3 1 4 
122000010 0 5 2 6 8 
122000011 1 2 4 3 4 5 6 
122000100 1 4 1 3 
122000101 1 2 4 3 4 5 7 
122000110 1 2 4 3 4 5 8 
122000112 2 1 1 5 
122000121 2 1 1 4 
122000211 2 1 1 4 
122001000 2 3 1 4 
122001001 2 3 1 4 
122001010 1 4 4 3 4 6 8 
122001012 0 3 3 3 4 6 
122001021 2 1 1 4 
122001100 1 4 1 3 
122001102 0 3 1 3 
122001112 0 2 1 3 
122001120 2 1 1 4 
122001121 2 1 1 4 
122001201 2 1 1 4 
122001210 2 1 1 4 
122001211 2 1 1 4 
122002011 1 2 3 3 4 6 
122002101 1 2 3 3 4 7 
122002110 2 1 1 8 
122010000 0 5 1 8 
122010010 0 4 1 8 
122010012 2 1 1 5 
122010100 1 2 4 3 5 7 8 
122010102 2 1 1 5 
122010112 2 1 1 5 
122010120 1 2 3 3 5 8 
122010210 0 3 1 8 
122011000 1 2 4 3 6 7 8 
122011002 0 3 1 3 
122011012 0 2 1 3 
122011020 1 2 3 3 6 8 
122011102 0 2 1 3 
122011120 1 2 2 3 8 
122011122 0 1 1 3 
122011200 1 2 3 3 7 8 
122011210 1 2 2 3 8 
122011212 0 1 1 3 
122012010 2 1 1 8 
122012100 2 1 1 8 
122012110 2 1 1 8 
122020011 2 1 1 6 
122020101 2 1 1 7 
122020110 1 2 3 3 5 8 
122021001 2 1 2 6 7 
122021010 2 1 1 6 
122021011 2 1 1 6 
122021100 2 1 1 7 
122021101 2 1 1 7 
122021110 1 2 2 3 8 
122021112 0 1 1 3 
122100000 1 4 1 6 
122100001 1 2 4 4 5 6 7 
122100010 1 4 1 6 
122100012 2 1 1 5 
122100021 2 1 1 4 
122100201 2 1 1 4 
122100210 2 1 1 4 
122100211 2 1 1 4 
122101000 1 2 4 4 6 7 8 
122101002 1 2 3 4 6 7 
122101012 1 2 2 4 6 
122101020 2 1 1 4 
122101021 2 1 1 4 
122101200 2 1 1 4 
122101201 2 1 1 4 
122101210 2 1 1 4 
122101212 2 1 1 4 
122101221 2 1 1 4 
122102001 1 2 3 4 6 7 
122102010 2 1 1 8 
122102011 1 2 2 4 6 
122102211 2 1 1 4 
122110000 1 2 4 5 6 7 8 
122110002 2 1 1 5 
122110012 2 1 1 5 
122110020 1 2 3 5 6 8 
122110200 1 2 3 5 7 8 
122110210 1 2 2 5 8 
122110212 2 1 1 5 
122112000 2 1 1 8 
122112010 2 1 1 8 
122112210 2 1 1 8 
122120001 2 1 2 6 7 
122120010 2 1 1 6 
122120011 2 1 1 6 
122121000 2 1 2 6 7 
122121001 2 1 2 6 7 
122121010 2 1 1 6 
122121012 2 1 1 6 
122122011 2 1 1 6 
122200011 1 2 3 4 5 6 
122200101 1 2 3 4 5 7 
122200110 0 3 1 8 
122201001 2 3 1 4 
122201010 0 3 3 4 6 8 
122201011 1 2 2 4 6 
122201100 0 3 3 4 7 8 
122201101 1 2 2 4 7 
122201110 0 2 1 8 
122201112 0 1 1 4 
122201121 2 1 1 4 
122201211 2 1 1 4 
122210010 0 3 1 8 
122210100 0 3 1 8 
122210110 0 2 1 8 
122210112 2 1 1 5 
122211000 0 3 1 8 
122211010 0 2 1 8 
122211012 0 1 1 6 
122211100 0 2 1 8 
122211102 0 1 1 7 
122211120 0 1 1 8 
122211210 0 1 1 8 
122212110 2 1 1 8 
122221011 2 1 1 6 
122221101 2 1 1 7 
122221110 0 1 1 8 
200000001 2 5 2 2 6 
200000010 2 5 3 2 4 6 
200000011 2 5 1 6 
200000100 2 5 3 1 2 8 
200000101 1 4 1 7 
200000110 1 4 1 8 
200000112 2 1 1 4 
200000121 2 3 1 1 
200000211 2 1 1 3 
200001000 2 5 3 2 4 6 
200001001 2 5 1 2 
200001010 2 5 2 2 6 
200001012 2 1 1 4 
200001021 2 5 1 2 
200001100 0 6 1 2 
200001102 2 1 1 4 
200001112 2 1 1 4 
200001120 2 3 2 1 4 
200001121 0 4 1 2 
200001201 2 1 1 3 
200001210 2 1 1 3 
200001211 2 1 1 3 
200002011 2 5 1 6 
200002101 0 5 1 7 
200002110 2 3 1 8 
200010000 0 7 7 1 2 3 5 6 7 8 
200010001 0 6 2 2 6 
200010010 0 6 1 1 
200010012 0 5 1 1 
200010021 0 5 4 2 3 5 6 
200010100 0 6 1 2 
200010102 2 3 1 2 
200010112 1 2 4 1 2 3 5 
200010120 0 5 1 2 
200010121 0 4 1 2 
200010201 2 1 1 3 
200010210 2 1 1 3 
200010211 2 1 1 3 
200011000 0 6 1 3 
200011002 0 5 1 3 
200011012 1 2 4 1 2 3 6 
200011020 0 5 1 3 
200011021 1 2 4 1 2 3 6 
200011102 1 2 4 1 2 3 7 
200011120 1 2 4 1 2 3 8 
200011122 1 2 3 1 2 3 
200011200 2 1 1 3 
200011201 2 1 1 3 
200011210 2 1 1 3 
200011212 2 1 1 3 
200011221 2 1 1 3 
200012001 0 5 4 1 2 6 7 
200012010 0 5 1 1 
200012011 1 2 4 1 2 3 6 
200012100 2 3 1 2 
200012101 1 2 4 1 2 3 7 
200012110 1 2 4 1 2 3 8 
200012112 2 1 1 2 
200012121 0 3 1 2 
200012211 2 1 1 3 
200020011 2 3 1 6 
200020101 0 5 1 7 
200020110 2 1 1 8 
200021001 2 3 1 2 
200021010 2 1 1 8 
200021011 1 2 4 1 2 3 6 
200021100 2 1 1 8 
200021101 1 2 4 1 2 3 7 
200021110 2 1 1 8 
200021121 2 1 1 1 
200021211 2 1 2 2 3 
200100000 2 5 3 1 2 4 
200100001 0 6 3 2 4 5 
200100010 2 5 1 2 
200100012 2 1 1 4 
200100021 2 3 1 1 
200100100 2 5 2 1 2 
200100102 2 1 1 4 
200100112 2 1 1 4 
200100120 2 3 2 1 4 
200100121 2 3 1 1 
200100201 2 3 1 2 
200100210 2 3 2 2 4 
200100211 2 3 1 2 
200101000 2 5 1 4 
200101002 2 1 1 4 
200101012 2 1 1 4 
200101020 2 3 1 4 
200101021 1 2 4 1 2 4 6 
200101102 2 1 1 4 
200101120 2 3 1 4 
200101122 2 1 1 4 
200101200 2 3 1 4 
200101201 1 2 4 1 2 4 7 
200101210 2 3 1 4 
200101212 2 1 1 4 
200101221 1 2 3 1 2 4 
200102001 0 5 5 1 2 4 6 7 
200102010 2 3 2 2 8 
200102011 0 4 1 6 
200102100 2 3 2 2 8 
200102101 0 4 1 7 
200102110 2 3 1 8 
200102112 2 1 2 2 4 
200102121 2 3 1 1 
200102211 2 3 1 2 
200110000 0 6 1 5 
200110002 0 5 1 5 
200110012 1 2 4 1 2 5 6 
200110020 0 5 1 5 
200110021 0 4 1 5 
200110102 1 2 4 1 2 5 7 
200110120 1 2 4 1 2 5 8 
200110122 1 2 3 1 2 5 
200110200 0 5 1 5 
200110201 0 4 1 5 
200110210 1 2 4 1 2 5 8 
200110212 1 2 3 1 2 5 
200110221 0 3 1 5 
200112000 2 3 1 2 
200112001 0 4 4 1 2 6 7 
200112010 0 4 1 1 
200112012 2 1 1 2 
200112021 0 3 3 1 2 6 
200112100 2 3 1 2 
200112102 2 1 1 2 
200112112 2 1 1 2 
200112120 2 3 1 2 
200112121 0 2 1 2 
200112201 0 3 3 1 2 7 
200112210 0 3 1 1 
200112211 0 2 1 1 
200120001 2 3 2 1 2 
200120010 2 1 1 8 
200120011 0 4 1 6 
200120100 2 1 1 8 
200120101 0 4 1 7 
200120110 2 1 1 8 
200120121 2 1 1 1 
200120211 2 1 1 2 
200121000 2 1 1 8 
200121001 2 3 1 2 
200121010 2 1 1 8 
200121021 2 1 1 1 
200121100 2 1 1 8 
200121120 2 1 2 1 8 
200121121 2 1 1 1 
200121201 2 1 1 2 
200121210 2 1 2 2 8 
200121211 2 1 1 2 
200122011 0 3 1 6 
200122101 0 3 1 7 
200122110 2 1 1 8 
200200011 2 1 1 6 
200200101 1 4 1 7 
200200110 1 4 1 8 
200201001 2 1 1 6 
200201010 2 1 1 6 
200201011 2 1 1 6 
200201100 0 5 2 2 8 
200201101 1 2 4 1 2 4 7 
200201110 1 4 1 8 
200201112 2 1 1 4 
200201121 0 3 1 2 
200210001 2 1 1 6 
200210010 2 1 1 6 
200210011 2 1 1 6 
200210100 0 5 1 2 
200210101 1 2 4 1 2 5 7 
200210110 1 2 4 1 2 5 8 
200210112 1 2 3 1 2 5 
200210121 0 3 1 2 
200211000 2 1 1 6 
200211001 2 1 1 6 
200211010 2 1 1 6 
200211012 2 1 1 6 
200211021 2 1 1 6 
200211100 0 4 1 2 
200211102 0 3 1 2 
200211112 1 2 2 1 2 
200211120 0 3 1 2 
200211121 0 2 1 2 
200212011 2 1 1 6 
200212101 1 2 3 1 2 7 
200212110 1 2 3 1 2 8 
200221011 2 1 1 6 
200221101 1 2 3 1 2 7 
200221110 2 1 1 8 
201000000 2 5 3 3 6 8 
201000001 1 4 1 5 
201000010 0 6 1 6 
201000012 2 1 1 4 
201000021 0 5 1 5 
201000100 1 4 1 4 
201000102 2 1 1 4 
201000112 2 1 1 4 
201000120 2 3 1 4 
201000121 1 2 4 1 3 4 5 
201000201 2 1 1 3 
201000210 2 1 1 3 
201000211 2 1 1 3 
201001000 1 4 1 8 
201001002 2 1 1 4 
201001012 2 1 1 4 
201001020 2 3 1 8 
201001102 2 1 1 4 
201001120 1 2 4 1 3 4 8 
201001122 2 1 1 4 
201001200 2 1 1 3 
201001210 2 1 1 3 
201001212 2 1 2 3 4 
201002001 2 3 1 3 
201002010 2 3 2 3 4 
201002011 0 4 1 6 
201002100 2 3 1 4 
201002101 1 2 4 1 3 4 7 
201002110 1 2 4 1 3 4 8 
201002112 2 1 1 4 
201002121 2 3 1 4 
201002211 2 1 1 3 
201010000 0 6 1 6 
201010002 2 3 1 6 
201010012 1 2 4 1 3 5 6 
201010020 2 3 1 6 
201010021 1 2 4 1 3 5 6 
201010200 2 1 1 3 
201010201 2 1 1 3 
201010210 2 1 1 3 
201010212 2 1 1 3 
201010221 2 1 1 3 
201011002 1 2 4 1 3 6 7 
201011020 1 2 4 1 3 6 8 
201011022 2 1 1 6 
201011200 2 1 1 3 
201011202 2 1 2 3 7 
201011212 2 1 1 3 
201011220 2 1 2 3 8 
201012000 0 5 1 6 
201012001 0 4 1 6 
201012010 1 2 4 1 3 6 8 
201012012 1 2 3 1 3 6 
201012021 0 3 1 6 
201012201 2 1 1 3 
201012210 2 1 1 3 
201012211 2 1 1 3 
201020001 0 5 1 5 
201020010 2 1 1 8 
201020011 1 2 4 1 3 5 6 
201020100 2 1 1 8 
201020101 1 2 4 1 3 5 7 
201020110 2 1 1 8 
201020121 2 1 1 1 
201020211 2 1 1 3 
201021000 2 1 1 8 
201021010 2 1 1 8 
201021100 2 1 1 8 
201021120 2 1 2 1 8 
201021210 2 1 2 3 8 
201022011 2 1 1 3 
201022101 2 1 1 3 
201022110 2 1 2 3 8 
201100000 0 6 2 4 5 
201100002 2 1 1 4 
201100012 2 1 1 4 
201100020 2 3 2 4 8 
201100021 0 4 1 5 
201100102 2 1 1 4 
201100120 2 3 1 4 
201100122 2 1 1 4 
201100200 2 3 1 8 
201100201 0 4 1 5 
201100210 0 4 2 4 5 
201100212 2 1 1 4 
201100221 0 3 1 5 
201101002 2 1 1 4 
201101020 1 2 4 1 4 6 8 
201101022 2 1 2 4 6 
201101122 2 1 1 4 
201101200 1 2 4 1 4 7 8 
201101202 2 1 2 4 7 
201101212 2 1 1 4 
201101220 2 1 1 8 
201102000 0 5 5 1 4 6 7 8 
201102001 0 4 3 4 6 7 
201102010 0 4 2 4 6 
201102012 2 1 1 4 
201102021 0 3 3 1 4 6 
201102100 0 4 1 4 
201102102 2 1 1 4 
201102112 2 1 1 4 
201102120 2 3 1 4 
201102121 0 2 1 4 
201102201 0 3 3 1 4 7 
201102210 0 3 3 1 4 8 
201102211 0 2 2 1 4 
201110002 1 2 4 1 5 6 7 
201110020 1 2 4 1 5 6 8 
201110022 2 1 1 6 
201110200 0 4 1 5 
201110202 2 1 1 7 
201110212 1 2 2 1 5 
201110220 2 1 1 8 
201110221 0 2 1 5 
201112000 0 4 1 6 
201112002 0 3 1 6 
201112012 1 2 2 1 6 
201112020 0 3 1 6 
201112021 0 2 1 6 
201112200 0 3 3 1 7 8 
201112201 0 2 2 1 7 
201112210 0 2 1 1 
201112212 0 1 1 1 
201112221 0 1 1 1 
201120000 2 1 1 8 
201120001 0 4 1 5 
201120010 2 1 1 8 
201120021 2 1 1 1 
201120100 2 1 1 8 
201120120 2 1 2 1 8 
201120121 2 1 1 1 
201120201 0 3 1 5 
201120210 2 1 1 8 
201120211 0 2 1 5 
201121000 2 1 1 8 
201121020 2 1 2 1 8 
201121120 2 1 2 1 8 
201121200 2 1 1 8 
201121210 2 1 1 8 
201122001 0 3 3 1 6 7 
201122010 2 1 1 8 
201122011 0 2 1 6 
201122100 2 1 1 8 
201122101 0 2 1 7 
201122110 2 1 1 8 
201122121 2 1 1 1 
201122211 0 1 1 1 
201200001 2 1 1 6 
201200010 2 1 1 6 
201200011 2 1 1 6 
201200100 2 3 1 4 
201200101 1 2 4 1 4 5 7 
201200110 1 2 4 1 4 5 8 
201200112 2 1 1 4 
201200121 1 2 3 1 4 5 
201201000 2 1 1 6 
201201010 2 1 1 6 
201201012 2 1 2 4 6 
201201100 1 2 4 1 4 7 8 
201201102 2 1 1 4 
201201112 2 1 1 4 
201201120 1 2 3 1 4 8 
201202011 2 1 2 4 6 
201202101 2 1 1 4 
201202110 2 1 1 4 
201210000 2 1 1 6 
201210001 2 1 1 6 
201210010 2 1 1 6 
201210012 2 1 1 6 
201210021 2 1 1 6 
201211000 2 1 1 6 
201211002 2 1 1 6 
201211012 2 1 1 6 
201211020 2 1 1 6 
201212001 2 1 1 6 
201212010 2 1 1 6 
201212011 2 1 1 6 
201220011 2 1 2 5 6 
201220101 2 1 1 5 
201220110 2 1 2 5 8 
201221010 2 1 2 6 8 
201221100 2 1 1 8 
201221110 2 1 1 8 
202000011 2 1 1 1 
202000101 2 1 1 1 
202000110 2 1 1 1 
202001001 2 1 1 1 
202001010 2 1 1 1 
202001011 2 1 1 1 
202001100 2 1 1 1 
202001101 2 1 1 1 
202001110 2 1 1 1 
202001112 2 1 2 1 4 
202001121 2 1 1 1 
202001211 2 1 3 1 3 4 
202010001 2 1 1 1 
202010010 2 1 1 1 
202010011 2 1 1 1 
202010100 2 1 1 1 
202010101 2 1 1 1 
202010110 2 1 1 1 
202010112 2 1 2 1 5 
202010121 2 1 1 1 
202010211 2 1 2 1 3 
202011000 2 1 1 1 
202011001 2 1 1 1 
202011010 2 1 1 1 
202011012 2 1 1 1 
202011021 2 1 1 1 
202011100 2 1 1 1 
202011102 2 1 1 1 
202011112 2 1 1 1 
202011120 2 1 1 1 
202011121 2 1 1 1 
202011201 2 1 2 1 3 
202011210 2 1 2 1 3 
202011211 2 1 2 1 3 
202012011 2 1 1 1 
202012101 2 1 1 1 
202012110 2 1 2 1 8 
202021011 2 1 2 1 6 
202021101 2 1 1 1 
202021110 2 1 2 1 8 
202100001 2 1 1 1 
202100010 2 1 1 1 
202100011 2 1 1 1 
202100100 2 1 1 1 
202100101 2 1 1 1 
202100110 2 1 1 1 
202100112 2 1 3 1 4 5 
202100121 2 1 1 1 
202100211 2 1 2 1 4 
202101000 2 1 1 1 
202101001 2 1 1 1 
202101010 2 1 1 1 
202101012 2 1 2 1 4 
202101021 2 1 1 1 
202101100 2 1 1 1 
202101102 2 1 2 1 4 
202101112 2 1 2 1 4 
202101120 2 1 1 1 
202101121 2 1 1 1 
202101201 2 1 2 1 4 
202101210 2 1 2 1 4 
202101211 2 1 2 1 4 
202102011 2 1 1 1 
202102101 2 1 1 1 
202102110 2 1 2 1 8 
202110000 2 1 1 1 
202110001 2 1 1 1 
202110010 2 1 1 1 
202110012 2 1 2 1 5 
202110021 2 1 1 1 
202110100 2 1 1 1 
202110102 2 1 2 1 5 
202110112 2 1 2 1 5 
202110120 2 1 1 1 
202110121 2 1 1 1 
202110201 2 1 1 1 
202110210 2 1 1 1 
202110211 2 1 1 1 
202112001 2 1 1 1 
202112010 2 1 2 1 8 
202112011 2 1 1 1 
202112100 2 1 2 1 8 
202112101 2 1 1 1 
202112110 2 1 2 1 8 
202112121 2 1 1 1 
202112211 2 1 1 1 
202120011 2 1 2 1 6 
202120101 2 1 1 1 
202120110 2 1 2 1 8 
202121001 2 1 2 1 6 
202121010 2 1 3 1 6 8 
202121011 2 1 2 1 6 
202121100 2 1 2 1 8 
202121101 2 1 1 1 
202121110 2 1 2 1 8 
202121121 2 1 1 1 
202201011 2 1 2 1 6 
202201101 2 1 1 1 
202201110 2 1 1 1 
202210011 2 1 2 1 6 
202210101 2 1 1 1 
202210110 2 1 1 1 
202211001 2 1 2 1 6 
202211010 2 1 2 1 6 
202211011 2 1 2 1 6 
202211100 2 1 1 1 
202211101 2 1 1 1 
202211110 2 1 1 1 
202211112 2 1 1 1 
202211121 2 1 1 1 
210000000 2 5 3 3 4 6 
210000001 0 6 3 4 6 7 
210000010 2 5 1 4 
210000012 2 1 1 4 
210000021 0 5 5 2 3 4 5 6 
210000100 0 6 2 4 7 
210000102 2 1 1 4 
210000112 2 1 1 4 
210000120 0 5 5 2 3 4 5 8 
210000121 0 4 3 2 4 5 
210000201 2 1 1 3 
210000210 2 1 1 3 
210000211 2 1 1 3 
210001000 2 5 1 6 
210001002 2 1 1 4 
210001012 2 1 1 4 
210001020 2 3 2 6 8 
210001021 0 4 1 2 
210001102 2 1 1 4 
210001120 0 4 2 2 4 
210001122 2 1 1 4 
210001200 2 1 1 3 
210001201 2 1 1 3 
210001210 2 1 1 3 
210001212 2 1 2 3 4 
210001221 2 1 1 3 
210002001 2 3 1 3 
210002010 2 3 1 4 
210002011 1 2 4 2 3 4 6 
210002100 2 3 2 4 8 
210002101 0 4 1 7 
210002110 1 2 4 2 3 4 8 
210002112 2 1 2 2 4 
210002121 0 3 3 2 3 4 
210002211 2 1 1 3 
210010000 0 6 1 7 
210010002 0 5 1 7 
210010020 2 3 1 6 
210010021 0 4 4 2 3 5 6 
210010102 1 2 4 2 3 5 7 
210010120 0 4 1 2 
210010122 0 3 1 2 
210010200 2 1 1 3 
210010201 2 1 1 3 
210010221 2 1 1 3 
210011002 1 2 4 2 3 6 7 
210011020 0 4 1 3 
210011022 2 1 1 6 
210011122 1 2 2 2 3 
210011200 2 1 1 3 
210011202 2 1 2 3 7 
210011220 2 1 2 3 8 
210011221 2 1 1 3 
210012000 0 5 1 7 
210012001 0 4 1 7 
210012021 0 3 3 2 3 6 
210012100 1 2 4 2 3 7 8 
210012102 2 1 1 2 
210012120 0 3 1 2 
210012121 0 2 1 2 
210012201 2 1 1 3 
210020001 2 3 2 3 6 
210020010 2 1 1 8 
210020011 2 3 1 6 
210020100 2 1 1 8 
210020101 0 4 1 7 
210020110 2 1 1 8 
210020121 0 3 3 2 3 5 
210020211 2 1 2 2 3 
210021000 2 1 1 8 
210021001 0 4 1 2 
210021010 2 1 1 8 
210021021 0 3 1 2 
210021100 2 1 1 8 
210021120 2 1 1 8 
210021121 0 2 1 2 
210021201 2 1 2 2 3 
210021210 2 1 3 2 3 8 
210021211 2 1 2 2 3 
210022011 2 1 1 3 
210022101 2 1 1 3 
210022110 2 1 2 3 8 
210100000 0 6 3 4 5 7 
210100002 2 1 1 4 
210100012 2 1 1 4 
210100020 2 3 1 8 
210100021 0 4 3 2 4 5 
210100102 2 1 1 4 
210100120 0 4 3 2 4 5 
210100122 2 1 1 4 
210100200 2 3 2 4 8 
210100201 0 4 2 4 5 
210100210 2 3 1 4 
210100212 2 1 1 4 
210100221 0 3 3 2 4 5 
210101002 2 1 1 4 
210101020 0 4 1 4 
210101022 2 1 2 4 6 
210101122 2 1 1 4 
210101200 2 3 1 4 
210101202 2 1 2 4 7 
210101212 2 1 1 4 
210101220 2 1 1 8 
210101221 1 2 2 2 4 
210102000 2 3 1 8 
210102001 0 4 3 4 6 7 
210102010 0 4 1 4 
210102012 2 1 2 2 4 
210102021 0 3 3 2 4 6 
210102100 2 3 1 8 
210102102 2 1 2 2 4 
210102112 2 1 2 2 4 
210102120 2 3 1 8 
210102121 0 2 2 2 4 
210102201 0 3 3 2 4 7 
210102210 2 3 1 4 
210102211 0 2 1 4 
210110002 1 2 4 2 5 6 7 
210110020 0 4 1 5 
210110022 2 1 1 6 
210110122 1 2 2 2 5 
210110200 1 2 4 2 5 7 8 
210110202 2 1 1 7 
210110220 2 1 1 8 
210110221 0 2 1 5 
210112000 0 4 1 7 
210112002 2 1 1 2 
210112020 2 3 1 8 
210112021 0 2 2 2 6 
210112102 2 1 1 2 
210112120 0 2 1 2 
210112122 2 1 1 2 
210112200 0 3 1 7 
210112201 0 2 1 7 
210112221 0 1 1 2 
210120000 2 1 1 8 
210120001 0 4 4 2 5 6 7 
210120010 2 1 1 8 
210120021 0 3 3 2 5 6 
210120100 2 1 1 8 
210120120 2 1 1 8 
210120121 0 2 2 2 5 
210120201 2 1 1 2 
210120210 2 1 2 2 8 
210120211 2 1 1 2 
210121000 2 1 1 8 
210121020 2 1 1 8 
210121021 0 2 1 2 
210121120 2 1 1 8 
210121200 2 1 2 2 8 
210121201 2 1 1 2 
210121210 2 1 2 2 8 
210121221 2 1 1 2 
210122001 0 3 3 2 6 7 
210122010 2 1 1 8 
210122011 0 2 1 6 
210122100 2 1 1 8 
210122101 0 2 1 7 
210122110 2 1 1 8 
210122121 0 1 1 2 
210122211 2 1 1 2 
210200001 2 1 1 6 
210200010 2 1 1 6 
210200011 2 1 1 6 
210200100 2 3 1 4 
210200101 1 4 1 7 
210200110 1 2 4 2 4 5 8 
210200112 2 1 1 4 
210200121 0 3 3 2 4 5 
210201000 2 1 1 6 
210201001 2 1 1 6 
210201010 2 1 1 6 
210201012 2 1 2 4 6 
210201021 2 1 1 6 
210201100 1 4 4 2 4 7 8 
210201102 2 1 1 4 
210201112 2 1 1 4 
210201120 0 3 3 2 4 8 
210201121 0 2 1 2 
210202011 2 1 2 4 6 
210202101 2 1 1 4 
210202110 2 1 1 4 
210210000 2 1 1 6 
210210001 2 1 1 6 
210210021 2 1 1 6 
210210100 1 2 4 2 5 7 8 
210210102 1 2 3 2 5 7 
210210120 0 3 1 2 
210210121 0 2 1 2 
210211000 2 1 1 6 
210211002 2 1 1 6 
210211020 2 1 1 6 
210211021 2 1 1 6 
210211102 1 2 2 2 7 
210211120 0 2 1 2 
210211122 0 1 1 2 
210212001 2 1 1 6 
210212100 1 2 3 2 7 8 
210212101 1 2 2 2 7 
210212121 0 1 1 2 
210220011 2 1 2 5 6 
210220101 2 1 1 5 
210220110 2 1 2 5 8 
210221001 2 1 1 6 
210221010 2 1 2 6 8 
210221011 2 1 1 6 
210221100 2 1 1 8 
210221101 1 2 2 2 7 
210221110 2 1 1 8 
210221121 0 1 1 2 
211000000 2 5 2 3 6 
211000002 2 1 1 4 
211000012 2 1 1 4 
211000020 2 3 2 6 8 
211000021 0 4 1 5 
211000102 2 1 1 4 
211000120 0 4 1 4 
211000122 2 1 1 4 
211000200 2 1 1 3 
211000201 2 1 1 3 
211000210 2 1 1 3 
211000212 2 1 2 3 4 
211000221 2 1 1 3 
211001002 2 1 1 4 
211001020 2 3 1 8 
211001022 2 1 2 4 6 
211001122 2 1 1 4 
211001200 2 1 1 3 
211001202 2 1 3 3 4 7 
211001212 2 1 2 3 4 
211001220 2 1 2 3 8 
211002000 2 3 2 3 4 
211002001 2 3 1 3 
211002010 2 3 1 4 
211002012 2 1 1 4 
211002021 2 3 1 3 
211002100 2 3 1 4 
211002102 2 1 1 4 
211002112 2 1 1 4 
211002120 2 3 1 4 
211002121 0 2 1 4 
211002201 2 1 1 3 
211002210 2 1 1 3 
211002211 2 1 1 3 
211010002 1 2 4 3 5 6 7 
211010020 2 3 1 6 
211010022 2 1 1 6 
211010200 2 1 1 3 
211010202 2 1 2 3 7 
211010220 2 1 2 3 8 
211010221 2 1 1 3 
211011022 2 1 1 6 
211011202 2 1 2 3 7 
211011220 2 1 2 3 8 
211012000 1 2 4 3 6 7 8 
211012002 1 2 3 3 6 7 
211012020 2 3 1 6 
211012021 0 2 1 6 
211012200 2 1 1 3 
211012201 2 1 1 3 
211012221 2 1 1 3 
211020000 2 1 1 8 
211020001 0 4 1 5 
211020010 2 1 1 8 
211020021 0 3 1 5 
211020100 2 1 1 8 
211020120 2 1 1 8 
211020121 0 2 1 5 
211020201 2 1 1 3 
211020210 2 1 2 3 8 
211020211 2 1 1 3 
211021000 2 1 1 8 
211021020 2 1 1 8 
211021120 2 1 1 8 
211021200 2 1 2 3 8 
211021210 2 1 2 3 8 
211022001 2 1 1 3 
211022010 2 1 2 3 8 
211022011 2 1 1 3 
211022100 2 1 2 3 8 
211022101 2 1 1 3 
211022110 2 1 2 3 8 
211022121 2 1 1 3 
211022211 2 1 1 3 
211100002 2 1 1 4 
211100020 2 3 1 8 
211100022 2 1 2 4 6 
211100122 2 1 1 4 
211100200 2 3 1 8 
211100202 2 1 2 4 7 
211100212 2 1 1 4 
211100220 2 1 1 8 
211100221 0 2 1 5 
211101022 2 1 2 4 6 
211101202 2 1 2 4 7 
211101220 2 1 1 8 
211102000 0 4 3 4 6 7 
211102002 2 1 1 4 
211102012 2 1 1 4 
211102020 2 3 1 8 
211102021 0 2 2 4 6 
211102102 2 1 1 4 
211102120 0 2 1 4 
211102122 2 1 1 4 
211102200 2 3 1 8 
211102201 0 2 2 4 7 
211102210 0 2 1 4 
211102212 2 1 1 4 
211102221 0 1 1 4 
211110022 2 1 1 6 
211110202 2 1 1 7 
211110220 2 1 1 8 
211112002 1 2 2 6 7 
211112020 0 2 1 6 
211112022 2 1 1 6 
211112200 0 2 1 7 
211112202 2 1 1 7 
211112220 2 1 1 8 
211120000 2 1 1 8 
211120020 2 1 1 8 
211120021 0 2 1 5 
211120120 2 1 1 8 
211120200 2 1 1 8 
211120201 0 2 1 5 
211120210 2 1 1 8 
211120221 0 1 1 5 
211121020 2 1 1 8 
211121200 2 1 1 8 
211121220 2 1 1 8 
211122000 2 1 1 8 
211122001 0 2 2 6 7 
211122010 2 1 1 8 
211122021 0 1 1 6 
211122100 2 1 1 8 
211122120 2 1 1 8 
211122201 0 1 1 7 
211122210 2 1 1 8 
211200000 2 1 1 6 
211200001 2 1 1 6 
211200010 2 1 1 6 
211200012 2 1 2 4 6 
211200021 2 1 1 6 
211200100 2 3 1 4 
211200102 2 1 1 4 
211200112 2 1 1 4 
211200120 2 3 1 4 
211200121 1 2 2 4 5 
211201000 2 1 1 6 
211201002 2 1 2 4 6 
211201012 2 1 2 4 6 
211201020 2 1 1 6 
211201102 2 1 1 4 
211201120 1 2 2 4 8 
211201122 2 1 1 4 
211202001 2 1 2 4 6 
211202010 2 1 2 4 6 
211202011 2 1 2 4 6 
211202100 2 1 1 4 
211202101 2 1 1 4 
211202110 2 1 1 4 
211202112 2 1 1 4 
211202121 2 1 1 4 
211210000 2 1 1 6 
211210002 2 1 1 6 
211210020 2 1 1 6 
211210021 2 1 1 6 
211211002 2 1 1 6 
211211020 2 1 1 6 
211211022 2 1 1 6 
211212000 2 1 1 6 
211212001 2 1 1 6 
211212021 2 1 1 6 
211220001 2 1 2 5 6 
211220010 2 1 3 5 6 8 
211220011 2 1 2 5 6 
211220100 2 1 2 5 8 
211220101 2 1 1 5 
211220110 2 1 2 5 8 
211220121 2 1 1 5 
211221000 2 1 2 6 8 
211221010 2 1 2 6 8 
211221100 2 1 1 8 
211221120 2 1 1 8 
212000001 2 3 1 6 
212000010 2 3 1 4 
212000011 1 2 4 3 4 5 6 
212000100 2 3 1 8 
212000101 0 4 1 7 
212000110 1 2 4 3 4 5 8 
212000112 2 1 2 4 5 
212000121 0 3 3 3 4 5 
212000211 2 1 2 3 4 
212001000 2 3 2 4 6 
212001001 2 3 1 6 
212001010 2 3 1 4 
212001012 2 1 1 4 
212001021 2 3 1 6 
212001100 0 4 2 4 7 
212001102 2 1 1 4 
212001112 2 1 1 4 
212001120 0 3 3 3 4 8 
212001121 0 2 2 3 4 
212001201 2 1 2 3 4 
212001210 2 1 2 3 4 
212001211 2 1 2 3 4 
212002011 1 2 3 3 4 6 
212002101 0 3 1 7 
212002110 2 1 1 8 
212010000 0 5 1 7 
212010001 0 4 1 7 
212010021 0 3 3 3 5 6 
212010100 0 4 1 7 
212010102 2 1 1 5 
212010120 0 3 3 3 5 8 
212010121 0 2 2 3 5 
212010201 2 1 1 3 
212011000 1 2 4 3 6 7 8 
212011002 1 2 3 3 6 7 
212011020 0 3 1 3 
212011021 0 2 1 3 
212011102 1 2 2 3 7 
212011120 0 2 1 3 
212011122 0 1 1 3 
212011200 2 1 1 3 
212011201 2 1 1 3 
212011221 2 1 1 3 
212012001 0 3 1 7 
212012100 2 1 1 8 
212012101 0 2 1 7 
212012121 0 1 1 3 
212020011 2 1 1 6 
212020101 0 3 1 7 
212020110 2 1 1 8 
212021001 2 1 1 6 
212021010 2 1 2 6 8 
212021011 2 1 1 6 
212021100 2 1 1 8 
212021101 0 2 1 7 
212021110 2 1 1 8 
212021121 0 1 1 3 
212100000 2 3 2 4 8 
212100001 0 4 2 4 7 
212100010 2 3 1 4 
212100012 2 1 2 4 5 
212100021 0 3 3 4 5 6 
212100100 2 3 1 8 
212100102 2 1 2 4 5 
212100112 2 1 2 4 5 
212100120 2 3 1 8 
212100121 0 2 2 4 5 
212100201 2 1 1 4 
212100210 2 1 1 4 
212100211 2 1 1 4 
212101000 2 3 1 4 
212101002 2 1 1 4 
212101012 2 1 1 4 
212101020 2 3 1 4 
212101021 0 2 1 4 
212101102 2 1 1 4 
212101120 0 2 1 4 
212101122 2 1 1 4 
212101200 2 1 1 4 
212101201 2 1 1 4 
212101210 2 1 1 4 
212101212 2 1 1 4 
212101221 2 1 1 4 
212102001 0 3 3 4 6 7 
212102010 2 1 1 8 
212102011 1 2 2 4 6 
212102100 2 1 1 8 
212102101 0 2 1 7 
212102110 2 1 1 8 
212102121 0 1 1 4 
212102211 2 1 1 4 
212110000 1 2 4 5 6 7 8 
212110002 2 1 1 5 
212110020 0 3 1 5 
212110021 0 2 1 5 
212110102 2 1 1 5 
212110120 0 2 1 5 
212110122 2 1 1 5 
212110200 1 2 3 5 7 8 
212110201 1 2 2 5 7 
212110221 0 1 1 5 
212112000 2 1 1 8 
212112001 0 2 1 7 
212112021 0 1 1 6 
212112100 2 1 1 8 
212112120 2 1 1 8 
212112201 0 1 1 7 
212120001 2 1 1 6 
212120010 2 1 2 6 8 
212120011 2 1 1 6 
212120100 2 1 1 8 
212120101 0 2 1 7 
212120110 2 1 1 8 
212120121 0 1 1 5 
212121000 2 1 2 6 8 
212121001 2 1 1 6 
212121010 2 1 2 6 8 
212121021 2 1 1 6 
212121100 2 1 1 8 
212121120 2 1 1 8 
212122011 2 1 1 6 
212122101 0 1 1 7 
212122110 2 1 1 8 
212200011 2 1 1 6 
212200101 0 3 1 7 
212200110 1 2 3 4 5 8 
212201001 2 1 1 6 
212201010 2 1 1 6 
212201011 2 1 1 6 
212201100 0 3 3 4 7 8 
212201101 0 2 1 7 
212201110 1 2 2 4 8 
212201112 2 1 1 4 
212201121 0 1 1 4 
212210001 2 1 1 6 
212210100 0 3 1 7 
212210101 0 2 1 7 
212210121 0 1 1 5 
212211000 2 1 1 6 
212211001 2 1 1 6 
212211021 2 1 1 6 
212211100 0 2 1 7 
212211102 0 1 1 7 
212211120 0 1 1 8 
212212101 0 1 1 7 
212221011 2 1 1 6 
212221101 0 1 1 7 
212221110 2 1 1 8 
220000011 2 1 1 2 
220000101 2 1 1 2 
220000110 2 1 1 2 
220001001 2 1 1 2 
220001010 2 1 1 2 
220001011 2 1 1 2 
220001100 2 1 1 2 
220001101 2 1 1 2 
220001110 2 1 1 2 
220001112 2 1 2 2 4 
220001121 2 1 2 2 4 
220001211 2 1 2 2 3 
220010001 2 1 1 2 
220010010 2 1 1 2 
220010011 2 1 1 2 
220010100 2 1 1 2 
220010101 2 1 1 2 
220010110 2 1 1 2 
220010112 2 1 1 2 
220010121 2 1 1 2 
220010211 2 1 2 2 3 
220011000 2 1 1 2 
220011001 2 1 1 2 
220011010 2 1 1 2 
220011012 2 1 1 2 
220011021 2 1 1 2 
220011100 2 1 1 2 
220011102 2 1 1 2 
220011112 2 1 1 2 
220011120 2 1 1 2 
220011121 2 1 1 2 
220011201 2 1 2 2 3 
220011210 2 1 2 2 3 
220011211 2 1 2 2 3 
220012011 2 1 1 2 
220012101 2 1 1 2 
220012110 2 1 1 2 
220021011 2 1 1 2 
220021101 2 1 2 2 7 
220021110 2 1 2 2 8 
220100001 2 1 1 2 
220100010 2 1 1 2 
220100011 2 1 1 2 
220100100 2 1 1 2 
220100101 2 1 1 2 
220100110 2 1 1 2 
220100112 2 1 2 2 4 
220100121 2 1 2 2 4 
220100211 2 1 1 2 
220101000 2 1 1 2 
220101001 2 1 1 2 
220101010 2 1 1 2 
220101012 2 1 2 2 4 
220101021 2 1 2 2 4 
220101100 2 1 1 2 
220101102 2 1 2 2 4 
220101112 2 1 2 2 4 
220101120 2 1 2 2 4 
220101121 2 1 2 2 4 
220101201 2 1 1 2 
220101210 2 1 1 2 
220101211 2 1 1 2 
220102011 2 1 1 2 
220102101 2 1 1 2 
220102110 2 1 1 2 
220110000 2 1 1 2 
220110001 2 1 1 2 
220110010 2 1 1 2 
220110012 2 1 1 2 
220110021 2 1 1 2 
220110100 2 1 1 2 
220110102 2 1 1 2 
220110112 2 1 1 2 
220110120 2 1 1 2 
220110121 2 1 1 2 
220110201 2 1 1 2 
220110210 2 1 1 2 
220110211 2 1 1 2 
220112001 2 1 1 2 
220112010 2 1 1 2 
220112011 2 1 1 2 
220112100 2 1 1 2 
220112101 2 1 1 2 
220112110 2 1 1 2 
220112112 2 1 1 2 
220112121 2 1 1 2 
220112211 2 1 1 2 
220120011 2 1 1 2 
220120101 2 1 2 2 7 
220120110 2 1 2 2 8 
220121001 2 1 2 2 7 
220121010 2 1 2 2 8 
220121011 2 1 1 2 
220121100 2 1 3 2 7 8 
220121101 2 1 2 2 7 
220121110 2 1 2 2 8 
220121211 2 1 1 2 
220201011 2 1 2 2 6 
220201101 2 1 1 2 
220201110 2 1 1 2 
220210011 2 1 2 2 6 
220210101 2 1 1 2 
220210110 2 1 1 2 
220211001 2 1 2 2 6 
220211010 2 1 2 2 6 
220211011 2 1 2 2 6 
220211100 2 1 1 2 
220211101 2 1 1 2 
220211110 2 1 1 2 
220211112 2 1 1 2 
220211121 2 1 1 2 
221000001 1 4 1 5 
221000010 0 5 2 6 8 
221000011 1 2 4 3 4 5 6 
221000100 2 3 1 4 
221000101 1 2 4 3 4 5 7 
221000110 1 2 4 3 4 5 8 
221000112 2 1 1 4 
221000121 2 1 1 4 
221000211 2 1 1 3 
221001000 1 4 1 8 
221001010 1 4 1 8 
221001012 2 1 1 4 
221001100 1 2 4 3 4 7 8 
221001102 2 1 1 4 
221001112 2 1 1 4 
221001120 2 1 1 4 
221001210 2 1 1 3 
221002011 0 3 1 6 
221002101 1 2 3 3 4 7 
221002110 1 2 3 3 4 8 
221010000 0 5 1 6 
221010001 1 2 4 3 5 6 7 
221010010 0 4 1 6 
221010012 0 3 1 6 
221010021 1 2 3 3 5 6 
221010201 2 1 1 3 
221010210 2 1 1 3 
221010211 2 1 1 3 
221011000 1 2 4 3 6 7 8 
221011002 1 2 3 3 6 7 
221011012 1 2 2 3 6 
221011020 1 2 3 3 6 8 
221011200 2 1 1 3 
221011210 2 1 1 3 
221011212 2 1 1 3 
221012001 0 3 1 6 
221012010 0 3 1 6 
221012011 0 2 1 6 
221012211 2 1 1 3 
221020011 1 2 3 3 5 6 
221020101 2 1 1 7 
221020110 2 1 1 8 
221021010 2 1 1 8 
221021100 2 1 2 7 8 
221021110 2 1 1 8 
221100000 2 3 1 4 
221100001 1 4 1 5 
221100010 1 4 4 4 5 6 8 
221100012 2 1 1 4 
221100021 2 1 1 4 
221100100 2 3 1 4 
221100102 2 1 1 4 
221100112 2 1 1 4 
221100120 2 1 1 4 
221100121 2 1 1 4 
221100201 0 3 1 5 
221100210 0 3 3 4 5 8 
221100211 0 2 1 5 
221101000 1 2 4 4 6 7 8 
221101002 2 1 1 4 
221101012 2 1 1 4 
221101020 2 1 1 4 
221101102 2 1 1 4 
221101120 2 1 1 4 
221101122 2 1 1 4 
221101200 1 2 3 4 7 8 
221101210 1 2 2 4 8 
221101212 2 1 1 4 
221102001 0 3 3 4 6 7 
221102010 0 3 3 4 6 8 
221102011 0 2 1 6 
221102100 2 3 1 4 
221102101 1 2 2 4 7 
221102110 1 2 2 4 8 
221102112 2 1 1 4 
221102121 2 1 1 4 
221102211 0 1 1 4 
221110000 1 2 4 5 6 7 8 
221110002 1 2 3 5 6 7 
221110012 1 2 2 5 6 
221110020 1 2 3 5 6 8 
221110021 1 2 2 5 6 
221110200 0 3 1 5 
221110201 0 2 1 5 
221110210 0 2 1 5 
221110212 0 1 1 5 
221110221 0 1 1 5 
221112000 0 3 1 6 
221112001 0 2 1 6 
221112010 0 2 1 6 
221112012 0 1 1 6 
221112021 0 1 1 6 
221112201 0 1 1 7 
221112210 0 1 1 8 
221120001 2 1 1 7 
221120010 2 1 1 8 
221120011 1 2 2 5 6 
221120100 2 1 2 7 8 
221120101 2 1 1 7 
221120110 2 1 1 8 
221120211 0 1 1 5 
221121000 2 1 2 7 8 
221121010 2 1 1 8 
221121100 2 1 2 7 8 
221121210 2 1 1 8 
221122011 0 1 1 6 
221122101 2 1 1 7 
221122110 2 1 1 8 
221200011 2 1 1 6 
221200101 1 2 3 4 5 7 
221200110 1 2 3 4 5 8 
221201010 2 1 1 6 
221201100 1 2 3 4 7 8 
221201110 1 2 2 4 8 
221201112 2 1 1 4 
221210001 2 1 1 6 
221210010 2 1 1 6 
221210011 2 1 1 6 
221211000 2 1 1 6 
221211010 2 1 1 6 
221211012 2 1 1 6 
221212011 2 1 1 6 
221221110 2 1 1 8 
